######################################################################################################
######################################################################################################
#### JAGS model file written by runjags version 2.2.2-4 on 2024-05-16 11:45:45.712085 
######################################################################################################
######################################################################################################

### Model template as follows - ensure this is syntactically correct before running the model!

model{

# In the BUGS/JAGS language we must use an explicit for loop:
for(i in 1:N){
	# These lines describe the response distribution and linear model terms:
	seed_count[i] ~ dnorm(regression_fitted[i], regression_precision)
	regression_residual[i] <- seed_count[i] - regression_fitted[i]
	regression_fitted[i] <- intercept + genotype_randomeffect[genotype[i]] 
}

# These lines give the prior distributions for the parameters to be estimated:
regression_precision ~ dgamma(0.001, 0.001)
intercept ~ dnorm(0, 10^-6)
for(genotype_iterator in 1:94){
	genotype_randomeffect[genotype_iterator] ~ dnorm(0, genotype_precision)
}
genotype_precision ~ dgamma(0.001, 0.001)
resid.sum.sq <- sum(regression_residual^2)
}

# These lines are hooks to be read by runjags (they are ignored by JAGS):
#monitor# regression_precision, intercept, genotype_precision, deviance, dic, resid.sum.sq
#modules# glm on
#response# seed_count
#residual# regression_residual
#fitted# regression_fitted

######################################################################################################
######################################################################################################
#### Initial values 
######################################################################################################
######################################################################################################

inits{
"regression_precision" <- 10
"intercept" <- -1
"genotype_precision" <- 10
}

inits{
"regression_precision" <- 10
"intercept" <- -1
"genotype_precision" <- 0.01
}



######################################################################################################
######################################################################################################
#### Data 
######################################################################################################
######################################################################################################

data{
"seed_count" <- c(0, 40, 64, 11, 0, 0, 0, 0, 0, 0, 0, 0, 27, 0, 197, 0, 0, 0, 0, 0, 0, 0, 0, 0, 0, 0, 0, 0, 0, 0, 52, 0, 80, 0, 0, 0, 0, 0, 0, 0, 0, 0, 0, 24, 92, 0, 10, 0, 0, 179, 14, 0, 0, 0, 0, 60, 0, 521, 0, 0, 0, 0, 0, 0, 0, 0, 0, 0, 0, 0, 0, 10, 0, 0, 0, 0, 48, 0, 0, 0, 0, 0, 0, 0, 0, 0, 0, 0, 0, 0, 0, 0, 0, 0, 0, 0, 0, 0, 0, 0, 0, 0, 0, 0, 0, 0, 31, 0, 0, 0, 0, 0, 0, 0, 0, 0, 0, 0, 0, 0, 0, 0, 0, 0, 0, 0, 0, 0, 0, 0, 0, 0, 0, 0, 0, 0, 0, 0, 0, 0, 0, 0, 0, 0, 0, 0, 0, 0, 0, 0, 0, 0, 0, 0, 589, 0, 0, 0, 0, 0, 0, 0, 0, 0, 0, 472, 0, 0, 0, 0, 0, 0, 0, 0, 0, 846, 0, 1130, 0, 0, 0, 0, 0, 0, 0, 0, 1300, 0, 0, 0, 630, 926, 0, 1455, 0, 0, 0, 0, 0, 0, 0, 0, 367, 0, 0, 739, 0, 0, 0, 0, 0, 0, 0, 0, 0, 0, 0, 455, 0, 0, 0, 0, 0, 0, 0, 0, 448, 0, 48, 0, 0, 0, 0, 88, 0, 0, 0, 0, 698, 0, 134, 370, 531, 569, 0, 465, 496, 0, 227, 249, 356, 52, 402, 281, 288, 0, 346, 95, 0, 241, 190, 434, 223, 212, 1361, 572, 48, 0, 0, 164, 208, 725, 658, 603, 0, 903, 0, 68, 175, 0, 197, 0, 0, 889, 0, 0, 939, 296, 0, 0, 613, 0, 500, 68, 363, 524, 0, 0, 331, 705, 0, 171, 0, 0, 0, 328, 0, 363, 260, 0, 0, 0, 0, 493, 392, 423, 0, 99, 0, 0, 8, 145, 2, 296, 752, 183, 0, 0, 331, 606, 531, 122, 208, 122, 107, 413, 886, 99, 637, 0, 651, 0, 0, 630, 0, 0, 0, 0, 208, 0, 0, 27, 0, 0, 0, 0, 170, 0, 0, 0, 175, 0, 749, 0, 183, 793, 119, 0, 126, 0, 119, 0, 120, 36, 0, 281, 0, 0, 0, 555, 0, 0, 280, 0, 257, 11, 0, 0, 0, 0, 0, 0, 88, 0, 0, 0, 0, 0, 1235, 0, 0, 0, 0, 518, 0, 0, 0, 0, 0, 303, 0, 0, 1228, 0, 0, 0, 0, 270, 0, 635, 0, 149, 0, 178, 0, 188, 783, 0, 0, 0, 0, 0, 0, 0, 0, 0, 0, 0, 0, 0, 646, 0, 0, 0, 0, 0, 536, 278, 0, 2137, 0, 0, 0, 0, 0, 228, 0, 0, 0, 0, 796, 0, 0, 0, 0, 479, 0, 0, 0, 0, 0, 241, 0, 223, 0, 860, 0, 0, 0, 0, 0, 0, 207, 0, 0, 0, 0, 138, 183, 0, 0, 0, 0, 149, 0, 0, 0, 0, 0, 0, 56, 0, 0, 92, 0, 0, 0, 0, 0, 0, 0, 0, 0, 216, 0, 0, 0, 0, 0, 0, 0, 0, 0, 206, 0, 0, 0, 0, 0, 0, 52, 246, 0, 0, 0, 0, 0, 0, 0, 0, 0, 0, 0, 0, 0, 0, 0, 0, 0, 0, 0, 0, 0, 0, 0, 16, 6, 0, 0, 0, 0, 3, 0, 22, 0, 0, 6, 0, 19, 0, 40, 0, 0, 0, 0, 0, 12, 0, 16, 50, 0, 80, 11, 0, 27, 0, 12, 6, 10, 0, 0, 0, 0, 40, 0, 0, 15, 13, 17, 19, 0, 0, 0, 0, 17, 12, 0, 8, 0, 33, 0, 52, 0, 0, 6, 0, 0, 20, 36, 0, 0, 0, 0, 21, 43, 47, 0, 0, 0, 27, 36, 19, 31, 0, 9, 40, 0, 8, 0, 4, 0, 0, 0, 0, 6, 20, 0, 29, 0, 10, 0, 0, 9, 0, 40, 7, 6, 0, 0, 11, 0, 0, 0, 11, 36, 0, 6, 0, 0, 5, 0, 16, 0, 40, 0, 6, 88, 14, 44, 14, 0, 14, 0, 52, 0, 27, 18, 4, 68, 0, 23, 0, 0, 0, 56, 0, 0, 0, 13, 10, 27, 14, 9, 0, 22, 4, 23, 16, 0, 11, 0, 0, 36, 44, 4, 8, 0, 76, 76, 205, 793, 296, 72, 725, 0, 893, 472, 194, 596, 0, 0, 72, 197, 606, 395, 437, 510, 216, 99, 316, 178, 265, 105, 516, 534, 516, 227, 19, 427, 0, 0, 0, 160, 0, 0, 342, 725, 0, 500, 0, 0, 0, 183, 0, 0, 586, 0, 0, 685, 0, 0, 430, 538, 281, 119, 1371, 168, 0, 18, 458, 476, 10, 0, 0, 0, 1127, 283, 38, 0, 0, 644, 510, 84, 167, 0, 0, 0, 0, 0, 0, 0, 0, 0, 0, 0, 0, 0, 0, 0, 0, 0, 28, 0, 0, 0, 13, 0, 0, 0, 0, 0, 9, 0, 0, 0, 0, 0, 0, 0, 0, 8, 0, 0, 0, 0, 0, 0, 0, 0, 0, 0, 0, 0, 0, 0, 0, 0, 0, 0, 0, 74, 0, 0, 0, 0, 19, 0, 0, 0, 0, 0, 0, 0, 0, 0, 0, 0, 0, 0, 0, 4, 0, 0, 0, 0, 0, 0, 0, 0, 0, 0, 472, 0, 0, 0, 0, 0, 0, 0, 0, 0, 0, 0, 769, 0, 0, 0, 555, 0, 816, 0, 406, 0, 0, 0, 134, 796, 1153, 0, 0, 0, 238, 0, 1300, 0, 0, 0, 360, 0, 0, 263, 392, 0, 153, 1015, 0, 0, 0, 0, 0, 0, 0, 0, 0, 95, 349, 0, 0, 0, 0, 0, 0, 0, 0, 0, 0, 0, 833, 0, 0, 0, 0, 0, 0, 0, 0, 0, 0, 0, 0, 664, 0, 963, 179, 377, 0, 76, 356, 115, 0, 0, 324, 252, 0, 620, 92, 0, 203, 0, 0, 175, 339, 590, 346, 656, 0, 108, 93, 0, 565, 0, 0, 324, 759, 288, 263, 0, 27, 479, 0, 458, 239, 492, 410, 0, 0, 0, 895, 1365, 385, 0, 338, 0, 860, 552, 21, 472, 390, 504, 479, 289, 177, 234, 0, 122, 0, 126, 0, 84, 0, 179, 52, 225, 0, 167, 103, 0, 0, 0, 0, 0, 13, 0, 6, 27, 0, 0, 0, 0, 0, 0, 0, 7, 0, 0, 0, 0, 0, 33, 0, 0, 74, 0, 0, 48, 0, 0, 27, 0, 31, 0, 7, 0, 0, 0, 0, 0, 0, 23, 0, 76, 126, 0, 0, 36, 3, 0, 56, 0, 0, 0, 31, 0, 5, 7, 16, 0, 4, 0, 0, 0, 0, 0, 0, 0, 6, 56, 111, 0, 0, 0, 0, 0, 0, 17, 0, 0, 0, 0, 0, 0, 0, 0, 0, 0, 130, 0, 0, 95, 0, 0, 0, 0, 0, 0, 0, 0, 249, 0, 0, 0, 0, 0, 0, 0, 0, 134, 0, 0, 0, 0, 72, 0, 0, 0, 0, 416, 0, 0, 0, 31, 0, 0, 0, 0, 0, 0, 0, 0, 0, 0, 0, 0, 0, 0, 0, 0, 0, 0, 0, 0, 0, 0, 223, 0, 0, 0, 107, 56, 0, 0, 0, 0, 11, 335, 0, 0, 1377, 0, 0, 0, 0, 0, 0, 0, 0, 0, 0, 0, 0, 0, 0, 0, 0, 0, 0, 0, 0, 0, 0, 0, 0, 0, 0, 0, 0, 0, 0, 0, 507, 0, 0, 0, 0, 0, 0, 0, 0, 0, 0, 552, 0, 732, 0, 1368, 321, 0, 0, 0, 0, 0, 0, 472, 0, 0, 2184, 0, 1403, 849, 0, 702, 0, 0, 201, 0, 2597, 0, 0, 0, 296, 0, 1698, 2243, 0, 0, 0, 52, 0, 0, 392, 0, 0, 0, 238, 25, 0, 0, 270, 238, 0, 0, 0, 0, 0, 0, 0, 0, 0, 0, 0, 0, 0, 52, 0, 0, 111, 84, 0, 0, 103, 263, 0, 216, 60, 0, 0, 103, 0, 111, 0, 0, 0, 0, 0, 0, 0, 197, 95, 0, 0, 138, 16, 0, 0, 0, 0, 0, 0, 0, 0, 0, 16, 44, 0, 0, 0, 0, 0, 0, 0, 0, 0, 0, 0, 783, 0, 9, 0, 0, 644, 479, 0, 0, 603, 0, 0, 0, 0, 0, 1225, 0, 776, 0, 0, 0, 88, 0, 688, 0, 0, 2461, 589, 671, 0, 0, 0, 0, 0, 317, 0, 0, 0, 1551, 0, 0, 712, 1339, 0, 0, 0, 0, 0, 0, 0, 0, 0, 1781, 0, 0, 0, 0, 1688, 0, 223, 1035, 444, 0, 0, 0, 0, 929, 913, 1503, 111, 0, 0, 0, 0, 84, 0, 0, 0, 0, 688, 0, 41, 0, 0, 0, 4, 19, 0, 48, 0, 17, 0, 0, 44, 0, 64, 0, 0, 23, 0, 31, 0, 0, 0, 0, 24, 2, 0, 5, 36, 0, 15, 2, 16, 0, 0, 48, 0, 0, 0, 13, 5, 23, 36, 0, 44, 0, 0, 0, 0, 15, 68, 31, 0, 0, 31, 0, 0, 0, 0, 24, 0, 60, 26, 52, 0, 0, 31, 48, 0, 0, 19, 39, 0, 0, 0, 41, 20, 0, 40, 0, 205, 0, 0, 0, 60, 0, 0, 134, 15, 306, 0, 776, 0, 219, 99, 1384, 444, 388, 919, 0, 0, 0, 493, 0, 17, 0, 0, 946, 171, 115, 270, 510, 0, 234, 510, 0, 1101, 0, 321, 0, 0, 524, 0, 234, 0, 263, 0, 0, 0, 0, 1506, 0, 0, 331, 346, 186, 363, 688, 0, 168, 388, 0, 0, 586, 299, 324, 545, 0, 0, 0, 0, 784, 0, 707, 0, 0, 0, 0, 600, 242, 263, 691, 249, 321, 75, 366, 551, 0, 249, 438, 409, 579, 0, 0, 406, 171, 555, 654, 374, 476, 0, 836, 292, 455, 0, 1241, 1009, 0, 0, 999, 179, 0, 1825, 190, 1179, 0, 1910, 0, 507, 395, 675, 527, 0, 1127, 0, 1029, 153, 1329, 0, 672, 1339, 1618, 0, 1035, 678, 0, 953, 241, 493, 555, 620, 1374, 0, 576, 0, 0, 0, 0, 270, 1029, 88, 0, 1085, 0, 651, 786, 853, 335, 0, 829, 122, 479, 0, 0, 0, 444, 647, 1348, 0, 0, 0, 338, 0, 0, 1416, 946, 234, 0, 0, 0, 465, 0, 0, 0, 992, 0, 0, 0, 0, 0, 0, 0, 0, 0, 0, 0, 0, 0, 1590, 0, 0, 0, 0, 0, 79, 0, 1258, 0, 0, 0, 813, 0, 0, 0, 0, 0, 929, 0, 0, 0, 0, 0, 291, 31, 0, 0, 1222, 949, 0, 0, 0, 472, 933, 0, 0, 0, 0, 40, 0, 0, 0, 0, 0, 0, 0, 0, 0, 0, 0, 0, 0, 0, 0, 0, 0, 0, 0, 0, 0, 0, 0, 0, 0, 0, 0, 0, 0, 0, 0, 0, 0, 0, 0, 0, 0, 0, 0, 0, 0, 0, 0, 0, 0, 0, 0, 0, 0, 0, 0, 0, 0, 0, 0, 0, 0, 0, 0, 0, 0, 0, 0, 0, 0, 0, 0, 0, 0, 0, 0, 0, 0, 0, 0, 0, 0, 0, 0, 0, 0, 0, 80, 0, 0, 0, 0, 0, 0, 0, 0, 0, 1, 0, 0, 0, 0, 0, 0, 0, 0, 0, 0, 346, 0, 0, 130, 0, 0, 0, 0, 0, 0, 179, 0, 111, 0, 0, 0, 0, 0, 36, 12, 95, 36, 0, 0, 0, 0, 0, 0, 0, 44, 0, 0, 160, 0, 0, 0, 0, 0, 36, 0, 0, 0, 0, 0, 0, 0, 0, 0, 0, 0, 0, 0, 0, 0, 0, 0, 115, 0, 0, 0, 0, 0, 0, 0, 0, 0, 0, 0, 0, 0, 0, 0, 0, 0, 0, 0, 0, 0, 0, 0, 0, 0, 0, 0, 0, 0, 0, 0, 0, 0, 0, 0, 0, 0, 0, 0, 0, 0, 0, 0, 0, 0, 0, 0, 0, 0, 0, 0, 0, 0, 0, 0, 0, 0, 0, 0, 0, 0, 0, 0, 0, 0, 0, 0, 0, 0, 0, 0, 0, 0, 0, 0, 0, 0, 0, 0, 0, 0, 60, 23, 23, 212, 68, 31, 179, 0, 107, 234, 0, 126, 685, 0, 671, 48, 171, 1055, 135, 0, 138, 0, 0, 0, 793, 52, 0, 194, 0, 637, 0, 0, 0, 0, 0, 281, 249, 0, 0, 346, 0, 121, 0, 0, 0, 0, 0, 0, 0, 0, 0, 0, 0, 0, 48, 52, 76, 0, 0, 92, 12, 0, 44, 0, 0, 0, 0, 0, 0, 0, 0, 267, 0, 0, 0, 0, 0, 183, 0, 0, 0, 2, 0, 0, 92, 56, 88, 0, 0, 0, 0, 0, 0, 0, 0, 0, 2, 0, 31, 179, 0, 0, 88, 5, 0, 0, 0, 0, 0, 0, 0, 76, 98, 8, 186, 23, 283, 0, 0, 0, 0, 0, 20, 0, 0, 141, 0, 507, 0, 0, 0, 0, 0, 0, 0, 0, 0, 0, 0, 0, 0, 0, 0, 4, 0, 119, 19, 0, 0, 0, 0, 0, 0, 0, 0, 0, 0, 0, 0, 0, 0, 0, 0, 0, 0, 212, 0, 0, 0, 0, 0, 0, 0, 0, 0, 0, 0, 0, 1682, 324, 0, 0, 675, 0, 0, 84, 0, 0, 0, 0, 1277, 0, 0, 0, 0, 0, 1410, 472, 664, 0, 40, 0, 0, 873, 0, 160, 0, 0, 0, 0, 493, 0, 0, 600, 0, 194, 627, 949, 0, 0, 1157, 0, 0, 959, 0, 0, 313, 0, 0, 208, 0, 0, 1038, 0, 0, 1025, 0, 0, 0, 0, 0, 9, 11, 84, 22, 6, 0, 33, 0, 0, 0, 0, 0, 0, 0, 25, 0, 33, 48, 0, 13, 0, 0, 0, 15, 13, 24, 15, 19, 12, 0, 0, 0, 0, 7, 22, 35, 0, 52, 15, 10, 12, 0, 37, 0, 64, 39, 6, 84, 0, 26, 28, 15, 16, 12, 89, 22, 80, 5, 0, 16, 8, 33, 0, 60, 42, 60, 0, 14, 0, 39, 10, 52, 33, 39, 0, 22, 0, 0, 0, 0, 0, 0, 0, 2, 8, 0, 0, 0, 31, 0, 122, 0, 0, 0, 145, 40, 0, 40, 0, 138, 27, 9, 52, 0, 115, 0, 80, 27, 107, 0, 99, 95, 0, 76, 0, 0, 0, 36, 0, 0, 0, 72, 0, 0, 0, 0, 0, 60, 115, 0, 88, 0, 0, 0, 0, 88, 0, 0, 7, 0, 0, 84, 36, 0, 0, 36, 0, 0, 0, 0, 95, 0, 2, 0, 145, 64, 0, 23, 52, 0, 0, 0, 0, 0, 197, 766, 0, 1831, 0, 1685, 1368, 0, 0, 0, 0, 1762, 0, 1497, 1267, 0, 0, 654, 274, 0, 0, 0, 1055, 606, 0, 0, 0, 0, 0, 863, 363, 0, 0, 0, 0, 0, 1345, 0, 1426, 0, 0, 1293, 600, 0, 427, 671, 0, 0, 624, 0, 1835, 0, 702, 0, 0, 0, 2912, 0, 0, 0, 0, 0, 664, 1634, 0, 956, 541, 1104, 223, 0, 0, 179, 783, 0, 1245, 0, 192, 62, 323, 130, 0, 503, 444, 0, 175, 141, 603, 606, 186, 296, 0, 444, 531, 712, 281, 256, 441, 514, 119, 0, 216, 458, 0, 313, 548, 22, 145, 353, 826, 130, 260, 342, 444, 678, 0, 171, 489, 0, 0, 60, 279, 514, 0, 517, 156, 0, 739, 548, 0, 486, 171, 147, 685, 0, 527, 13, 171, 500, 260, 308, 145, 254, 310, 252, 0, 141, 175, 321, 216, 0, 141, 241, 130, 80, 153, 4, 0, 0, 0, 0, 0, 0, 72, 0, 0, 0, 0, 0, 0, 0, 0, 92, 122, 20, 0, 0, 0, 0, 0, 0, 0, 0, 0, 0, 0, 0, 0, 0, 0, 0, 0, 0, 0, 0, 0, 0, 0, 0, 0, 0, 0, 0, 0, 0, 0, 0, 31, 0, 99, 0, 0, 0, 0, 0, 0, 0, 0, 0, 0, 0, 0, 0, 0, 0, 0, 0, 0, 0, 0, 0, 0, 0, 0, 0, 0, 0, 0, 88, 0, 0, 0, 0, 272, 353, 92, 0, 0, 27, 0, 19, 0, 31, 0, 0, 179, 0, 184, 0, 0, 0, 342, 0, 95, 107, 0, 0, 0, 0, 164, 0, 303, 0, 72, 0, 600, 0, 0, 0, 0, 469, 0, 0, 0, 14, 64, 0, 0, 0, 0, 0, 0, 0, 230, 80, 0, 0, 0, 0, 0, 0, 0, 0, 171, 0, 0, 0, 0, 0, 0, 0, 0, 0, 0, 385, 0, 92, 0, 2443, 0, 0, 0, 0, 0, 0, 0, 0, 0, 0, 99, 0, 95, 353, 0, 0, 0, 338, 0, 0, 0, 0, 0, 909, 586, 0, 0, 42, 779, 786, 1248, 0, 0, 0, 0, 654, 0, 0, 1387, 64, 0, 0, 0, 360, 0, 349, 0, 263, 448, 0, 0, 0, 64, 582, 0, 0, 392, 130, 0, 122, 0, 285, 72, 813, 40, 0, 274, 171, 496, 80, 303, 0, 0, 15, 216, 335, 122, 448, 52, 465, 0, 0, 205, 0, 441, 0, 0, 534, 0, 1222, 444, 0, 0, 0, 1898, 0, 52, 0, 0, 0, 40, 866, 0, 455, 0, 0, 0, 0, 0, 409, 115, 335, 0, 1917, 1692, 0, 0, 0, 0, 0, 1094, 0, 819, 0, 0, 1038, 437, 0, 0, 1992, 0, 0, 0, 0, 0, 0, 0, 0, 0, 0, 0, 0, 1803, 0, 0, 0, 0, 1232, 0, 1163, 0, 2278, 0, 0, 1284, 1663, 0, 0, 0, 0, 0, 0, 36, 19, 0, 21, 0, 0, 0, 0, 0, 27, 31, 0, 48, 0, 0, 44, 0, 0, 27, 0, 27, 17, 27, 0, 0, 0, 0, 60, 44, 44, 0, 156, 0, 111, 103, 0, 0, 0, 0, 0, 122, 36, 27, 72, 0, 0, 36, 27, 0, 88, 20, 0, 0, 64, 0, 0, 14, 0, 44, 13, 44, 6, 0, 0, 0, 0, 0, 0, 40, 36, 0, 0, 13, 0, 0, 201, 328, 223, 115, 0, 472, 363, 434, 0, 388, 263, 303, 377, 241, 238, 92, 175, 420, 0, 0, 212, 392, 335, 1400, 194, 164, 278, 392, 0, 0, 363, 786, 0, 451, 0, 0, 145, 0, 205, 267, 482, 274, 288, 342, 267, 678, 317, 0, 534, 208, 138, 367, 367, 624, 296, 0, 458, 0, 0, 413, 0, 353, 688, 0, 263, 803, 260, 0, 72, 0, 406, 876, 555, 0, 95, 427, 238, 0, 462, 0, 0, 0, 0, 0, 0, 0, 0, 886, 0, 0, 0, 2662, 0, 0, 0, 0, 0, 823, 0, 0, 0, 0, 0, 0, 0, 0, 0, 0, 0, 0, 0, 0, 310, 880, 0, 0, 0, 933, 0, 1189, 1085, 0, 0, 0, 681, 0, 0, 0, 0, 0, 0, 103, 0, 1300, 0, 1361, 1448, 779, 0, 370, 762, 205, 923, 0, 328, 367, 0, 1117, 1212, 0, 0, 863, 0, 0, 0, 933, 969, 0, 0, 27, 15, 48, 16, 0, 0, 0, 0, 0, 0, 0, 0, 0, 14, 4, 7, 19, 0, 0, 1, 9, 44, 22, 0, 31, 0, 18, 31, 2, 27, 1, 44, 2, 9, 23, 31, 8, 23, 4, 0, 0, 31, 0, 5, 0, 27, 0, 36, 23, 22, 11, 3, 13, 0, 19, 18, 36, 23, 18, 40, 48, 18, 0, 15, 0, 6, 12, 19, 12, 5, 0, 14, 12, 48, 44, 64, 0, 7, 0, 10, 0, 0, 1, 9, 0, 3, 0, 0, 0, 0, 16, 7, 0, 0, 0, 0, 0, 0, 44, 0, 0, 0, 0, 0, 0, 0, 4, 4, 44, 0, 0, 0, 0, 0, 0, 0, 0, 16, 0, 0, 0, 0, 0, 7, 13, 21, 0, 0, 0, 0, 0, 0, 15, 13, 3, 0, 0, 0, 6, 8, 0, 0, 9, 13, 7, 1, 0, 6, 0, 0, 2, 0, 48, 9, 23, 0, 0, 0, 0, 0, 234, 38, 31, 126, 0, 0, 160, 0, 0, 219, 0, 186, 0, 36, 60, 103, 99, 48, 205, 40, 0, 88, 52, 0, 444, 496, 0, 0, 0, 263, 0, 0, 331, 462, 0, 0, 402, 119, 0, 171, 111, 434, 0, 321, 249, 0, 141, 0, 263, 317, 0, 130, 0, 263, 943, 0, 201, 572, 0, 299, 923, 0, 0, 0, 986, 0, 886, 0, 0, 0, 725, 52, 0, 1143, 0, 0, 0, 0, 0, 227, 321, 230, 119, 0, 685, 0, 103, 64, 56, 2, 0, 27, 0, 0, 0, 11, 8, 6, 0, 6, 0, 0, 0, 0, 0, 64, 8, 6, 15, 14, 0, 0, 19, 6, 0, 0, 7, 27, 2, 0, 0, 12, 9, 0, 3, 14, 9, 14, 17, 5, 0, 7, 0, 0, 0, 16, 5, 0, 5, 5, 6, 12, 16, 3, 0, 0, 0, 15, 35, 8, 8, 22, 17, 0, 0, 0, 0, 0, 0, 0, 27, 219, 68, 0, 0, 0, 0, 0, 0, 4, 9, 6, 12, 88, 107, 19, 0, 23, 31, 0, 92, 126, 115, 27, 48, 36, 179, 52, 0, 138, 31, 9, 52, 0, 115, 0, 0, 68, 16, 36, 107, 31, 0, 0, 252, 0, 0, 0, 10, 8, 0, 399, 52, 0, 27, 0, 99, 76, 0, 0, 0, 0, 0, 0, 80, 0, 0, 44, 41, 32, 241, 0, 156, 76, 103, 0, 0, 3, 0, 0, 0, 130, 138, 0, 0, 160, 107, 0, 245, 134, 0, 20, 263, 0, 0, 0, 5, 13, 36, 0, 31, 0, 0, 6, 6, 48, 8, 6, 19, 0, 0, 0, 22, 5, 6, 7, 0, 0, 0, 40, 0, 23, 0, 0, 11, 3, 20, 40, 0, 0, 0, 0, 10, 0, 4, 0, 0, 0, 0, 0, 0, 0, 0, 13, 0, 16, 0, 0, 0, 0, 0, 0, 7, 15, 44, 0, 0, 0, 0, 0, 0, 0, 0, 0, 0, 0, 0, 0, 0, 0, 0, 1, 0, 44, 0, 4, 0, 0, 134, 0, 0, 0, 201, 0, 156, 241, 0, 0, 0, 260, 0, 392, 0, 186, 288, 416, 40, 0, 0, 0, 555, 395, 579, 299, 360, 413, 288, 313, 552, 0, 72, 766, 0, 634, 0, 216, 0, 427, 1038, 0, 48, 0, 306, 288, 0, 145, 14, 122, 444, 76, 25, 0, 201, 613, 107, 252, 0, 68, 617, 630, 115, 230, 249, 0, 420, 0, 0, 335, 0, 0, 548, 306, 60, 130, 420, 288, 0, 0, 82, 68, 115, 19, 0, 0, 4, 0, 7, 2, 2, 6, 10, 14, 0, 5, 10, 3, 10, 0, 10, 1, 1, 12, 19, 5, 10, 14, 10, 0, 3, 3, 10, 1, 13, 1, 5, 0, 2, 2, 0, 12, 0, 3, 10, 4, 3, 0, 0, 6, 0, 0, 2, 6, 2, 12, 4, 4, 12, 10, 4, 5, 0, 0, 17, 5, 0, 6, 6, 0, 4, 2, 0, 5, 10, 0, 0, 0, 5, 0, 0, 0, 0, 14, 0, 5, 11, 16, 0, 9, 190, 11, 107, 0, 183, 130, 219, 0, 21, 0, 0, 285, 56, 164, 186, 95, 6, 52, 0, 0, 20, 72, 0, 0, 19, 107, 0, 216, 0, 95, 171, 197, 0, 72, 0, 0, 0, 145, 138, 7, 0, 0, 2, 183, 119, 0, 0, 0, 168, 19, 0, 0, 3, 119, 377, 227, 0, 0, 84, 68, 503, 0, 0, 60, 0, 0, 164, 0, 31, 88, 565, 423, 0, 0, 19, 95, 111, 299, 36, 249, 208, 36, 0, 0, 6, 0, 0, 7, 0, 0, 0, 0, 0, 0, 0, 0, 10, 12, 0, 12, 0, 0, 0, 9, 0, 0, 0, 0, 0, 0, 11, 12, 0, 0, 0, 21, 25, 18, 0, 0, 9, 8, 9, 22, 12, 3, 5, 3, 48, 0, 0, 10, 9, 0, 5, 6, 6, 6, 11, 17, 0, 0, 0, 15, 0, 0, 0, 0, 20, 0, 0, 0, 13, 3, 4, 0, 0, 44, 0, 6, 0, 9, 0, 0, 0, 2, 0, 0, 0, 68, 88, 0, 9, 5, 11, 4, 1, 5, 2, 0, 0, 68, 27, 0, 0, 6, 0, 3, 8, 44, 60, 27, 17, 27, 1, 16, 0, 11, 20, 25, 32, 0, 8, 5, 9, 5, 22, 48, 3, 171, 23, 14, 141, 0, 4, 27, 0, 0, 8, 0, 9, 0, 0, 175, 7, 88, 0, 0, 0, 7, 0, 0, 12, 64, 4, 0, 0, 0, 1, 11, 9, 0, 119, 0, 0, 0, 427, 0, 0, 208, 0, 183, 183, 64, 48, 708, 0, 545, 76, 0, 80, 644, 0, 0, 0, 661, 52, 2, 7, 503, 28, 0, 0, 0, 10, 80, 641, 60, 40, 606, 0, 84, 1679, 80, 0, 0, 0, 0, 0, 38, 0, 164, 219, 25, 0, 0, 0, 919, 437, 0, 68, 589, 555, 514, 68, 725, 14, 469, 324, 0, 524, 0, 186, 64, 76, 0, 48, 0, 313, 1, 0, 0, 0, 145, 48, 52, 36, 3, 0, 27, 111, 23, 48, 190, 84, 48, 0, 84, 64, 111, 0, 130, 12, 52, 138, 99, 0, 36, 76, 194, 190, 76, 160, 19, 21, 0, 0, 0, 0, 10, 64, 72, 0, 0, 0, 0, 0, 52, 44, 36, 0, 27, 0, 14, 138, 40, 0, 103, 111, 52, 0, 0, 0, 0, 186, 0, 0, 76, 230, 164, 9, 92, 194, 20, 13, 0, 95, 92, 84, 3, 36, 26, 44, 36, 119, 7, 0, 17, 149, 107, 9, 12, 56, 12, 6, 27, 4, 20, 22, 0, 27, 22, 0, 5, 0, 0, 0, 0, 48, 0, 0, 3, 16, 3, 6, 0, 21, 0, 0, 11, 0, 0, 0, 36, 95, 0, 0, 5, 28, 68, 13, 0, 9, 19, 15, 0, 0, 84, 56, 0, 92, 13, 7, 48, 0, 0, 0, 6, 0, 0, 0, 33, 0, 18, 8, 0, 6, 9, 16, 4, 0, 0, 0, 21, 0, 0, 0, 0, 0, 60, 0, 0, 8, 0, 4, 0, 92, 31, 134, 0, 0, 11, 0, 0, 0, 18, 186, 164, 149, 0, 37, 0, 360, 194, 0, 103, 60, 107, 0, 0, 0, 60, 367, 388, 134, 99, 95, 48, 0, 80, 64, 64, 260, 0, 363, 0, 0, 0, 395, 212, 60, 230, 16, 80, 164, 111, 205, 0, 95, 186, 40, 395, 22, 223, 256, 40, 76, 245, 134, 0, 149, 60, 99, 0, 0, 48, 313, 252, 476, 153, 296, 99, 0, 130, 36, 0, 0, 0, 36, 194, 18, 0, 197, 0, 10, 14, 134, 5, 23, 0, 5, 36, 13, 36, 0, 0, 0, 5, 31, 0, 0, 5, 10, 7, 6, 0, 0, 0, 0, 64, 88, 4, 0, 0, 10, 0, 44, 0, 0, 168, 23, 40, 0, 31, 48, 0, 36, 219, 48, 0, 99, 31, 0, 0, 0, 7, 4, 0, 7, 0, 60, 4, 0, 80, 56, 5, 0, 27, 56, 0, 14, 122, 0, 36, 5, 4, 27, 12, 479, 0, 0, 0, 92, 0, 0, 9, 0, 6, 13, 0, 569, 31, 278, 72, 249, 103, 342, 310, 0, 0, 5, 5, 15, 360, 569, 437, 126, 208, 0, 0, 227, 274, 263, 107, 227, 111, 227, 80, 126, 48, 402, 216, 160, 219, 469, 0, 0, 103, 402, 313, 227, 0, 227, 95, 281, 238, 156, 88, 212, 153, 17, 0, 156, 48, 668, 107, 260, 107, 76, 799, 274, 278, 44, 0, 249, 836, 230, 234, 1199, 0, 126, 0, 500, 416, 44, 695, 99, 138, 722, 186, 234, 267, 476, 56, 260, 44, 23, 16, 56, 0, 0, 3, 0, 60, 0, 0, 0, 11, 7, 9, 6, 52, 0, 0, 6, 40, 7, 0, 5, 44, 0, 0, 0, 0, 2, 7, 0, 6, 0, 19, 0, 8, 21, 4, 4, 13, 0, 3, 0, 0, 0, 0, 0, 0, 0, 19, 10, 4, 0, 9, 0, 22, 8, 0, 0, 20, 27, 0, 12, 21, 0, 0, 0, 0, 0, 0, 2, 4, 4, 0, 0, 3, 3, 0, 22, 0, 10, 27, 278, 134, 175, 0, 0, 99, 324, 0, 227, 84, 0, 270, 469, 219, 145, 227, 331, 138, 72, 0, 130, 153, 392, 31, 141, 0, 317, 95, 310, 0, 479, 374, 0, 0, 324, 130, 119, 241, 183, 0, 517, 260, 145, 164, 64, 299, 0, 56, 126, 72, 138, 107, 48, 27, 76, 234, 9, 0, 455, 126, 349, 126, 476, 360, 238, 0, 451, 274, 145, 245, 0, 469, 413, 0, 119, 31, 2, 353, 197, 256, 21, 0, 208, 123, 0, 0, 0, 0, 1, 0, 3, 1, 0, 0, 0, 3, 0, 0, 0, 6, 3, 0, 0, 0, 1, 0, 8, 1, 1, 3, 0, 0, 10, 7, 0, 0, 0, 11, 16, 0, 3, 0, 2, 4, 2, 5, 1, 2, 3, 2, 2, 0, 0, 0, 1, 2, 0, 2, 3, 0, 0, 0, 7, 3, 2, 0, 5, 0, 0, 4, 4, 6, 5, 5, 0, 5, 0, 0, 6, 2, 0, 0, 0, 5, 9, 11, 14, 451, 8, 12, 64, 0, 0, 52, 223, 0, 126, 44, 52, 0, 0, 19, 22, 72, 145, 179, 149, 0, 9, 95, 0, 36, 0, 223, 107, 22, 11, 0, 0, 219, 0, 0, 0, 0, 22, 76, 0, 88, 52, 14, 0, 0, 0, 64, 44, 36, 20, 0, 245, 212, 145, 0, 52, 68, 138, 388, 238, 2, 40, 0, 0, 48, 68, 263, 0, 122, 27, 40, 92, 60, 6, 0, 0, 76, 1, 48, 23, 19, 80, 0, 0, 12, 18, 31, 5, 0, 130, 0, 0, 0, 0, 0, 40, 0, 16, 36, 0, 0, 4, 0, 0, 0, 99, 2, 15, 8, 0, 0, 0, 0, 0, 44, 4, 52, 0, 1, 0, 0, 0, 0, 0, 27, 0, 12, 4, 7, 6, 0, 0, 0, 0, 0, 27, 10, 11, 0, 0, 52, 0, 0, 0, 40, 22, 0, 0, 0, 0, 0, 0, 8, 10, 0, 0, 2, 0, 0, 0, 0, 201, 40, 44, 0, 0, 0, 18, 0, 0, 0, 0, 48, 0, 0, 0, 0, 0, 1, 0, 0, 36, 0, 0, 0, 22, 0, 0, 0, 0, 0, 0, 0, 0, 0, 12, 0, 24, 0, 60, 0, 0, 0, 8, 0, 20, 0, 0, 10, 0, 0, 0, 0, 8, 0, 0, 0, 88, 0, 0, 0, 0, 0, 0, 0, 0, 0, 0, 0, 1, 64, 48, 0, 0, 0, 0, 0, 0, 0, 0, 0, 0, 0, 36, 84, 0, 0, 0, 0, 56, 119, 0, 8, 0, 42, 4, 0, 0, 0, 58, 0, 0, 0, 0, 41, 0, 0, 0, 0, 0, 0, 0, 48, 80, 0, 0, 145, 0, 0, 0, 0, 36, 0, 0, 0, 16, 0, 0, 99, 256, 230, 0, 0, 274, 274, 107, 0, 0, 145, 40, 0, 0, 10, 0, 186, 0, 0, 0, 472, 40, 0, 0, 230, 99, 0, 0, 205, 223, 1, 0, 0, 0, 31, 23, 44, 0, 175, 0, 0, 0, 0, 80, 179, 149, 353, 313, 406, 328, 527, 306, 647, 482, 130, 486, 732, 92, 603, 360, 321, 119, 324, 0, 796, 80, 241, 238, 388, 641, 16, 451, 99, 64, 469, 252, 278, 0, 263, 324, 31, 388, 514, 0, 586, 160, 156, 126, 409, 500, 194, 524, 263, 399, 64, 0, 338, 406, 80, 0, 95, 122, 99, 562, 149, 84, 241, 534, 44, 23, 138, 194, 130, 303, 134, 27, 119, 95, 338, 0, 122, 15, 223, 68, 99, 72, 40, 0, 0, 0, 0, 15, 0, 0, 7, 4, 0, 1, 7, 22, 1, 1, 16, 23, 8, 0, 0, 0, 9, 0, 0, 1, 4, 23, 0, 0, 0, 12, 26, 6, 16, 12, 40, 0, 2, 0, 0, 6, 0, 0, 26, 27, 0, 25, 6, 12, 23, 0, 0, 0, 7, 0, 3, 3, 0, 52, 1, 11, 10, 0, 25, 19, 0, 19, 0, 1, 4, 10, 0, 3, 0, 0, 8, 0, 1, 0, 3, 0, 0, 0, 99, 0, 342, 256, 0, 95, 168, 216, 829, 469, 0, 313, 179, 0, 413, 0, 0, 274, 216, 80, 641, 145, 0, 451, 40, 507, 0, 427, 651, 0, 0, 292, 115, 427, 576, 84, 5, 0, 278, 230, 245, 60, 606, 0, 434, 0, 0, 88, 0, 399, 0, 385, 179, 122, 0, 107, 0, 179, 702, 40, 331, 208, 12, 306, 80, 95, 92, 179, 130, 0, 292, 285, 88, 56, 27, 168, 0, 0, 52, 168, 249, 208, 197, 0, 16, 0, 0, 0, 31, 0, 0, 1, 5, 3, 0, 1, 0, 115, 5, 4, 4, 0, 5, 0, 0, 0, 0, 15, 3, 3, 15, 0, 60, 0, 1, 0, 5, 4, 0, 2, 0, 0, 0, 2, 0, 0, 0, 0, 39, 0, 0, 0, 0, 0, 0, 0, 0, 1, 0, 21, 31, 2, 0, 0, 6, 3, 0, 0, 0, 0, 0, 0, 0, 0, 56, 10, 48, 27, 270, 0, 0, 0, 0, 0, 0, 0, 36, 56, 64, 92, 64, 0, 40, 0, 27, 130, 84, 0, 156, 72, 0, 201, 0, 256, 0, 0, 95, 324, 126, 0, 0, 12, 56, 186, 168, 28, 52, 0, 22, 60, 15, 11, 80, 420, 72, 25, 92, 281, 256, 27, 0, 227, 103, 119, 88, 68, 0, 130, 0, 68, 14, 56, 40, 56, 0, 76, 25, 95, 99, 4, 36, 0, 18, 60, 107, 40, 285, 0, 0, 0, 0, 60, 149, 48, 25, 0, 8, 0, 0, 0, 0, 0, 0, 0, 0, 0, 0, 19, 23, 10, 5, 27, 0, 0, 5, 31, 0, 0, 14, 40, 0, 1, 0, 0, 0, 16, 0, 60, 11, 0, 0, 0, 2, 0, 5, 24, 8, 64, 0, 0, 36, 5, 10, 0, 0, 0, 0, 0, 0, 31, 27, 0, 10, 4, 0, 44, 0, 14, 2, 0, 0, 0, 5, 0, 0, 44, 3, 3, 6, 4, 0, 0, 0, 0, 0, 0, 14, 19, 7, 0, 0, 115, 7, 126, 72, 0, 107, 40, 60, 8, 0, 0, 21, 0, 27, 0, 0, 11, 20, 9, 13, 0, 0, 164, 260, 14, 0, 0, 0, 0, 0, 0, 27, 5, 21, 1, 99, 11, 0, 0, 0, 0, 0, 0, 27, 0, 122, 23, 9, 4, 0, 0, 0, 0, 0, 3, 0, 1, 0, 317, 6, 0, 0, 7, 0, 14, 56, 2, 0, 40, 11, 17, 0, 0, 0, 0, 56, 36, 0, 0, 0, 0, 149, 56, 0, 10, 328, 227, 0, 0, 52, 317, 503, 0, 64, 252, 0, 321, 64, 145, 0, 0, 68, 27, 245, 0, 119, 76, 88, 0, 56, 60, 0, 19, 0, 0, 183, 36, 465, 0, 427, 288, 493, 486, 589, 48, 462, 500, 0, 0, 0, 0, 241, 0, 541, 349, 534, 278, 0, 31, 423, 377, 0, 385, 64, 579, 270, 793, 56, 356, 0, 19, 40, 260, 141, 0, 31, 219, 60, 40, 56, 0, 95, 0, 52, 201, 0, 0, 5, 107, 281, 27, 762, 0, 36, 379, 0, 651, 0, 80, 0, 0, 40, 0, 115, 349, 40, 130, 99, 201, 0, 168, 99, 260, 0, 331, 175, 52, 92, 88, 175, 44, 0, 126, 0, 31, 31, 11, 19, 17, 201, 56, 183, 72, 36, 36, 0, 72, 60, 44, 44, 16, 44, 9, 27, 0, 4, 68, 9, 149, 0, 0, 208, 249, 0, 186, 0, 126, 12, 23, 27, 8, 0, 115, 0, 9, 60, 0, 0, 2, 12, 5, 22, 0, 36, 1, 76, 36, 0, 0, 238, 223, 0, 0, 0, 0, 0, 8, 36, 76, 95, 64, 24, 68, 64, 25, 0, 138, 0, 122, 2, 8, 444, 0, 230, 576, 0, 296, 134, 0, 0, 60, 256, 145, 0, 216, 201, 637, 138, 260, 14, 64, 0, 95, 0, 0, 0, 0, 126, 119, 99, 186, 413, 0, 88, 19, 33, 278, 190, 0, 0, 3, 52, 0, 56, 134, 0, 0, 149, 25, 241, 6, 201, 0, 40, 0, 0, 0, 10, 12, 5, 4, 1, 27, 0, 0, 0, 0, 0, 2, 5, 10, 7, 4, 0, 0, 0, 7, 0, 6, 0, 0, 0, 10, 7, 0, 0, 5, 0, 11, 36, 0, 0, 0, 0, 14, 7, 40, 4, 60, 6, 0, 0, 0, 22, 6, 0, 13, 31, 6, 2, 0, 0, 0, 6, 0, 10, 14, 12, 3, 0, 0, 0, 0, 0, 92, 16, 4, 6, 0, 0, 0, 0, 4, 0, 6, 2, 0, 0, 13, 20, 0, 44, 0, 52, 160, 197, 16, 0, 0, 164, 0, 48, 0, 292, 260, 0, 119, 164, 119, 245, 0, 76, 0, 0, 164, 72, 0, 190, 0, 153, 0, 17, 0, 0, 201, 0, 593, 0, 0, 40, 0, 56, 399, 245, 558, 64, 72, 0, 23, 462, 722, 0, 637, 292, 111, 0, 175, 606, 306, 260, 0, 263, 392, 406, 107, 0, 44, 0, 576, 335, 48, 52, 230, 0, 0, 321, 40, 465, 205, 0, 12, 3, 13, 4, 1, 3, 9, 11, 24, 4, 95, 10, 7, 12, 7, 9, 115, 84, 0, 0, 7, 7, 8, 0, 0, 14, 68, 40, 0, 2, 4, 6, 0, 14, 14, 5, 12, 14, 10, 44, 4, 0, 31, 7, 0, 6, 122, 0, 23, 7, 0, 0, 2, 4, 6, 0, 0, 0, 4, 1, 0, 0, 5, 3, 0, 23, 40, 0, 2, 3, 13, 60, 22, 0, 0, 0, 0, 0, 13, 5, 24, 2, 0, 0, 5, 9, 99, 197, 107, 122, 8, 256, 0, 0, 303, 168, 171, 36, 107, 205, 52, 0, 0, 0, 230, 40, 0, 249, 64, 130, 23, 0, 141, 92, 36, 56, 0, 0, 24, 130, 68, 0, 0, 0, 175, 160, 0, 0, 328, 115, 40, 0, 0, 194, 212, 175, 138, 0, 36, 72, 64, 179, 860, 0, 0, 430, 111, 296, 0, 0, 194, 208, 545, 0, 119, 16, 321, 249, 0, 278, 92, 223, 39, 2, 56, 0, 194, 33, 0, 56, 0, 115, 99, 0, 197, 0, 164, 122, 0, 500, 0, 168, 41, 527, 0, 183, 84, 13, 6, 0, 130, 24, 0, 0, 0, 328, 84, 68, 1150, 0, 0, 95, 0, 479, 0, 208, 194, 0, 702, 0, 766, 212, 0, 0, 281, 0, 171, 0, 739, 0, 0, 42, 0, 427, 0, 0, 363, 708, 5, 281, 489, 296, 524, 48, 0, 0, 119, 208, 230, 99, 48, 299, 205, 353, 0, 99, 0, 145, 56, 0, 17, 249, 201, 168, 72, 356, 451, 64, 115, 0, 44, 1, 0, 7, 5, 0, 0, 0, 0, 7, 0, 3, 0, 0, 0, 5, 15, 0, 15, 6, 8, 6, 6, 12, 10, 1, 19, 0, 12, 6, 11, 19, 0, 0, 6, 0, 0, 0, 14, 6, 19, 5, 22, 0, 0, 12, 1, 0, 0, 8, 1, 0, 8, 28, 4, 0, 6, 13, 3, 10, 6, 0, 0, 17, 16, 0, 0, 23, 22, 0, 11, 17, 0, 3, 6, 0, 0, 0, 2, 16, 12, 0, 0, 0, 9, 0, 56, 27, 0, 31, 31, 10, 0, 0, 4, 0, 0, 0, 0, 0, 0, 7, 0, 14, 4, 29, 0, 7, 0, 0, 3, 0, 0, 0, 1, 14, 0, 0, 11, 19, 0, 0, 8, 0, 11, 0, 2, 8, 14, 0, 6, 3, 31, 0, 22, 3, 6, 0, 16, 4, 0, 0, 0, 6, 0, 0, 5, 0, 0, 5, 0, 8, 0, 15, 4, 0, 0, 2, 3, 0, 0, 0, 3, 0, 0, 0, 0, 0, 141, 0, 0, 0, 0, 0, 0, 0, 0, 0, 119, 0, 1717, 0, 0, 0, 0, 462, 346, 0, 0, 0, 0, 0, 0, 0, 0, 0, 0, 0, 0, 0, 0, 0, 0, 0, 0, 0, 0, 0, 0, 0, 0, 1461, 0, 0, 0, 0, 1679, 0, 27, 0, 44, 0, 0, 0, 0, 1532, 0, 0, 0, 606, 0, 0, 0, 0, 270, 0, 465, 0, 0, 465, 0, 548, 0, 9998, 0, 0, 0, 0, 0, 6461, 0, 0, 0, 0, 0, 0, 0, 0, 0, 0, 0, 0, 0, 5015, 0, 0, 0, 2137, 0, 0, 0, 0, 0, 0, 0, 0, 0, 1816, 4971, 0, 2915, 0, 0, 0, 0, 0, 0, 0, 6699, 0, 0, 4752, 0, 0, 0, 0, 0, 0, 0, 0, 0, 0, 0, 0, 0, 0, 6429, 0, 0, 342, 0, 0, 0, 0, 1841, 0, 0, 10367, 0, 0, 0, 0, 0, 0, 64, 0, 0, 644, 0, 0, 0, 0, 171, 16, 0, 12, 0, 482, 16, 0, 0, 95, 19, 40, 0, 126, 0, 22, 374, 1, 171, 0, 0, 0, 16, 52, 27, 256, 836, 0, 0, 36, 103, 8, 115, 31, 64, 267, 80, 92, 0, 0, 145, 156, 122, 0, 0, 0, 538, 64, 0, 0, 0, 24, 0, 60, 64, 0, 423, 0, 0, 88, 0, 238, 36, 0, 256, 0, 16, 205, 0, 0, 0, 0, 0, 0, 0, 0, 0, 0, 0, 0, 0, 0, 0, 0, 0, 0, 0, 1410, 0, 0, 0, 5416, 0, 0, 3859, 0, 0, 0, 0, 0, 0, 0, 0, 0, 0, 0, 0, 0, 0, 0, 0, 3817, 0, 0, 0, 0, 0, 0, 0, 0, 0, 2181, 0, 0, 2321, 0, 0, 0, 0, 0, 0, 1310, 0, 0, 0, 0, 712, 0, 0, 2424, 0, 0, 0, 0, 0, 8522, 0, 0, 0, 0, 0, 0, 0, 0, 0, 0, 0, 0, 0, 0, 0, 2650, 0, 0, 0, 0, 0, 0, 0, 0, 0, 0, 0, 0, 0, 0, 0, 0, 0, 0, 0, 0, 0, 0, 0, 0, 0, 2761, 0, 0, 0, 0, 0, 0, 1854, 0, 0, 0, 0, 0, 0, 0, 321, 0, 216, 0, 1596, 0, 0, 0, 0, 0, 0, 0, 0, 0, 4475, 0, 0, 0, 0, 0, 0, 0, 0, 0, 0, 0, 0, 0, 0, 2008, 0, 0, 0, 5718, 2776, 3850, 0, 0, 0, 0, 0, 0, 0, 0, 0, 0, 0, 0, 0, 0, 0, 4636, 0, 0, 0, 0, 0, 0, 0, 2290, 0, 0, 0, 0, 0, 0, 0, 0, 0, 7254, 0, 0, 0, 0, 0, 0, 0, 0, 0, 0, 0, 0, 0, 0, 0, 0, 0, 0, 0, 0, 0, 0, 0, 7366, 0, 15246, 0, 0, 0, 0, 0, 1612, 0, 0, 0, 0, 0, 0, 0, 44, 0, 0, 134, 0, 0, 0, 130, 0, 0, 0, 0, 0, 0, 0, 0, 0, 0, 0, 48, 0, 0, 0, 1085, 0, 0, 0, 0, 0, 0, 0, 0, 0, 0, 0, 0, 441, 0, 0, 0, 0, 0, 305, 0, 92, 317, 0, 0, 115, 0, 0, 989, 0, 0, 0, 40, 0, 0, 0, 0, 0, 0, 0, 1564, 124, 0, 0, 80, 0, 0, 0, 0, 0, 0, 803, 0, 2452, 6197, 0, 2838, 0, 0, 0, 0, 2337, 0, 0, 0, 0, 6971, 0, 0, 0, 6441, 719, 0, 0, 0, 0, 0, 6273, 0, 0, 0, 0, 0, 0, 0, 0, 600, 6774, 4873, 0, 3052, 5651, 0, 0, 0, 0, 0, 0, 0, 0, 0, 9281, 0, 0, 0, 0, 0, 11643, 0, 0, 3506, 4772, 0, 0, 0, 0, 0, 306, 0, 0, 0, 0, 0, 7133, 698, 2616, 0, 2976, 0, 0, 0, 0, 0, 0, 0, 0, 0, 0, 0, 0, 0, 0, 0, 0, 0, 0, 0, 637, 0, 0, 0, 0, 0, 2789, 0, 0, 0, 0, 0, 0, 0, 0, 0, 0, 0, 0, 0, 0, 0, 0, 0, 0, 0, 0, 0, 0, 0, 0, 0, 0, 0, 0, 0, 0, 0, 0, 0, 0, 0, 0, 0, 252, 0, 0, 929, 0, 197, 0, 0, 0, 0, 0, 0, 0, 0, 0, 0, 0, 0, 0, 0, 0, 0, 0, 0, 0, 0, 0, 0, 5389, 0, 0, 0, 0, 0, 0, 13735, 0, 0, 0, 0, 0, 0, 0, 0, 0, 0, 0, 0, 0, 0, 0, 0, 0, 0, 0, 0, 0, 0, 0, 0, 0, 0, 0, 0, 0, 0, 0, 0, 0, 0, 6165, 0, 0, 5999, 3711, 0, 0, 0, 0, 0, 0, 0, 0, 0, 0, 0, 0, 0, 0, 0, 0, 0, 0, 0, 0, 0, 0, 0, 0, 0, 664, 0, 0, 0, 0, 0, 0, 0, 0, 0, 0, 0, 0, 0, 0, 0, 0, 0, 0, 0, 0, 0, 0, 0, 0, 0, 0, 0, 0, 0, 0, 0, 0, 0, 0, 0, 0, 0, 0, 0, 0, 1117, 0, 0, 0, 0, 0, 0, 0, 0, 0, 0, 0, 903, 627, 0, 0, 0, 0, 80, 0, 0, 0, 0, 0, 0, 0, 0, 0, 0, 0, 0, 0, 0, 0, 0, 3527, 0, 0, 0, 0, 0, 0, 0, 0, 0, 0, 0, 0, 0, 3961, 0, 0, 0, 0, 0, 0, 1570, 1464, 0, 0, 0, 0, 2321, 5175, 0, 3117, 1497, 0, 0, 0, 0, 3557, 3327, 2477, 0, 0, 0, 0, 0, 0, 0, 2715, 0, 1970, 0, 0, 0, 0, 0, 0, 7728, 0, 0, 0, 2102, 0, 0, 2786, 0, 4141, 0, 0, 0, 0, 0, 0, 0, 0, 3460, 0, 0, 0, 0, 0, 0, 0, 0, 252, 0, 0, 0, 0, 0, 0, 0, 0, 0, 0, 0, 0, 3424, 0, 0, 0, 0, 0, 0, 0, 2832, 0, 0, 0, 0, 0, 0, 0, 0, 0, 0, 0, 238, 0, 0, 0, 0, 0, 0, 0, 0, 0, 569, 2455, 0, 0, 0, 0, 0, 0, 0, 0, 0, 1622, 0, 0, 0, 353, 0, 1663, 0, 0, 1551, 0, 691, 0, 3083, 367, 0, 0, 0, 0, 0, 0, 0, 0, 0, 0, 0, 0, 0, 0, 0, 0, 0, 0, 8892, 0, 0, 0, 0, 0, 0, 0, 0, 0, 0, 0, 0, 0, 0, 0, 0, 0, 0, 0, 4915, 9343, 0, 0, 0, 0, 0, 0, 0, 0, 0, 0, 0, 0, 0, 0, 0, 0, 0, 0, 12141, 0, 0, 0, 8534, 0, 0, 0, 0, 0, 0, 0, 0, 0, 0, 0, 0, 0, 0, 0, 0, 0, 0, 0, 0, 0, 0, 0, 0, 0, 80, 0, 183, 0, 0, 0, 0, 0, 0, 0, 156, 0, 0, 10, 0, 0, 0, 0, 0, 0, 0, 0, 0, 0, 572, 60, 0, 0, 0, 0, 0, 76, 586, 360, 0, 0, 0, 0, 0, 0, 0, 0, 0, 72, 115, 0, 0, 0, 0, 175, 0, 216, 0, 321, 0, 212, 0, 0, 0, 175, 52, 0, 36, 0, 0, 335, 0, 0, 0, 0, 48, 0, 0, 179, 0, 936, 0, 0, 0, 4057, 0, 0, 0, 0, 0, 0, 0, 0, 0, 0, 0, 0, 3820, 0, 0, 0, 0, 0, 0, 0, 0, 0, 5595, 0, 0, 0, 0, 0, 0, 0, 0, 0, 0, 0, 6066, 0, 0, 0, 0, 0, 0, 0, 0, 2982, 0, 0, 0, 0, 0, 0, 0, 0, 0, 0, 0, 4968, 0, 0, 0, 0, 0, 0, 0, 9764, 0, 0, 0, 0, 0, 0, 0, 0, 0, 0, 0, 0, 0, 0, 0, 0, 0, 0, 0, 0, 0, 0, 0, 0, 0, 0, 0, 0, 0, 0, 0, 0, 0, 0, 0, 0, 0, 381, 678, 0, 0, 0, 0, 2203, 0, 1606, 0, 0, 0, 725, 0, 0, 0, 0, 0, 0, 0, 1029, 0, 0, 0, 1274, 0, 0, 0, 0, 0, 779, 796, 0, 0, 0, 84, 0, 0, 0, 0, 40, 0, 0, 0, 2306, 0, 0, 0, 0, 1961, 0, 0, 0, 0, 2349, 0, 0, 0, 0, 0, 0, 0, 0, 0, 4556, 0, 0, 0, 5718, 0, 0, 0, 0, 0, 0, 0, 0, 0, 0, 0, 0, 0, 0, 0, 0, 0, 0, 0, 0, 0, 0, 0, 0, 0, 0, 6994, 0, 0, 0, 0, 0, 0, 0, 0, 0, 0, 0, 0, 0, 0, 0, 0, 0, 7559, 0, 0, 0, 0, 0, 0, 0, 0, 0, 0, 0, 0, 0, 0, 0, 0, 0, 0, 0, 48, 0, 0, 0, 0, 0, 171, 0, 0, 0, 0, 0, 0, 0, 0, 0, 130, 0, 0, 0, 0, 0, 0, 0, 0, 0, 0, 0, 0, 0, 0, 0, 0, 0, 0, 0, 0, 0, 0, 0, 0, 0, 0, 0, 0, 230, 0, 0, 0, 0, 0, 0, 0, 0, 0, 0, 0, 0, 0, 0, 0, 0, 0, 267, 0, 0, 0, 0, 0, 0, 0, 0, 0, 972, 0, 0, 0, 0, 0, 1708, 0, 0, 0, 0, 0, 0, 3741, 0, 0, 0, 0, 3766, 0, 0, 0, 0, 4440, 0, 0, 0, 0, 0, 0, 0, 0, 0, 4624, 0, 0, 1835, 5213, 0, 306, 0, 0, 0, 1423, 0, 0, 0, 0, 0, 0, 0, 0, 0, 0, 0, 0, 0, 0, 0, 2810, 0, 0, 3022, 0, 4621, 0, 2588, 0, 0, 0, 0, 1490, 3333, 2036, 0, 0, 2030, 0, 0, 1264, 2733, 2856, 0, 0, 0, 0, 0, 0, 0, 0, 0, 0, 0, 119, 0, 0, 0, 0, 0, 0, 0, 0, 1487, 0, 0, 0, 76, 0, 0, 0, 0, 0, 0, 0, 0, 0, 0, 342, 0, 0, 0, 2096, 0, 0, 0, 285, 0, 0, 0, 0, 742, 0, 0, 0, 0, 500, 0, 0, 0, 0, 0, 0, 2090, 829, 596, 0, 0, 0, 486, 0, 0, 0, 0, 0, 0, 338, 0, 0, 0, 0, 0, 0, 0, 2733, 0, 0, 0, 0, 2014, 0, 3181, 1800, 0, 296, 0, 7424, 0, 0, 0, 0, 0, 0, 0, 0, 0, 0, 0, 0, 0, 3518, 0, 0, 0, 10271, 0, 0, 0, 0, 0, 0, 0, 0, 0, 0, 0, 0, 0, 0, 0, 0, 1461, 0, 0, 5853, 0, 0, 5160, 1225, 0, 0, 0, 0, 0, 0, 0, 11110, 0, 0, 0, 0, 0, 0, 0, 0, 0, 0, 0, 0, 0, 0, 0, 0, 722, 0, 0, 0, 524, 0, 0, 0, 0, 0, 0, 0, 0, 0, 92, 0, 0, 0, 0, 0, 0, 0, 0, 0, 0, 0, 360, 274, 0, 208, 0, 0, 36, 56, 0, 0, 0, 0, 427, 338, 205, 274, 0, 171, 0, 1326, 0, 0, 0, 0, 0, 0, 72, 122, 230, 208, 0, 0, 0, 0, 0, 0, 0, 613, 0, 0, 0, 0, 0, 664, 0, 0, 190, 0, 0, 0, 0, 0, 762, 1996, 1618, 0, 0, 668, 3478, 0, 0, 0, 216, 0, 0, 0, 0, 681, 3168, 1752, 0, 1666, 654, 0, 0, 4588, 0, 708, 0, 0, 0, 0, 0, 0, 0, 0, 0, 1300, 1790, 1345, 0, 0, 0, 0, 0, 3315, 0, 0, 0, 0, 0, 0, 3055, 1189, 0, 2256, 0, 0, 1471, 1196, 0, 0, 2087, 0, 783, 3421, 2408, 0, 0, 0, 0, 0, 0, 0, 1822, 0, 0, 0, 0, 3630, 3907, 0, 0, 0, 1015, 1238, 0, 0, 0, 0, 0, 1290, 0, 0, 966, 141, 122, 769, 68, 0, 0, 274, 664, 141, 514, 0, 52, 306, 0, 95, 0, 427, 0, 0, 194, 245, 0, 0, 729, 688, 0, 0, 0, 455, 0, 56, 0, 299, 353, 0, 0, 0, 0, 145, 134, 201, 227, 0, 0, 406, 0, 0, 328, 342, 64, 95, 0, 521, 600, 503, 0, 72, 1091, 0, 249, 465, 496, 0, 0, 0, 0, 5847, 0, 0, 0, 0, 0, 0, 5384, 0, 0, 0, 0, 0, 0, 0, 0, 0, 0, 9000, 0, 0, 0, 0, 0, 0, 0, 5914, 0, 0, 0, 0, 0, 9269, 0, 0, 0, 0, 0, 0, 0, 0, 0, 0, 0, 0, 0, 0, 0, 2121, 8229, 0, 0, 5086, 0, 2548, 6714, 0, 0, 0, 0, 0, 0, 0, 0, 0, 0, 0, 0, 0, 0, 0, 0, 0, 0, 10156, 0, 0, 0, 0, 0, 0, 0, 299, 0, 0, 80, 582, 0, 0, 0, 0, 0, 31, 409, 0, 0, 0, 0, 0, 0, 0, 923, 0, 0, 0, 0, 0, 0, 0, 0, 1022, 0, 234, 80, 0, 600, 0, 0, 0, 0, 0, 0, 569, 141, 0, 0, 0, 256, 423, 296, 0, 0, 0, 0, 0, 2080, 0, 0, 1081, 175, 0, 0, 186, 503, 0, 186, 0, 0, 111, 0, 0, 328, 303, 0, 0, 0, 2036, 0, 0, 0, 0, 0, 0, 0, 0, 0, 0, 3928, 0, 3808, 0, 0, 0, 0, 0, 0, 0, 0, 0, 0, 0, 9422, 0, 5177, 0, 0, 0, 0, 0, 0, 0, 0, 0, 0, 0, 0, 0, 0, 0, 0, 0, 0, 0, 0, 0, 0, 0, 0, 0, 0, 0, 0, 0, 0, 0, 0, 0, 0, 0, 0, 0, 0, 0, 0, 6243, 0, 0, 0, 0, 0, 0, 0, 0, 0, 0, 0, 0, 0, 0, 0, 600, 0, 0, 423, 0, 0, 0, 0, 1387, 0, 0, 0, 0, 0, 0, 0, 0, 0, 493, 0, 0, 510, 0, 56, 0, 0, 427, 317, 420, 0, 0, 0, 367, 374, 0, 0, 353, 413, 205, 0, 0, 126, 926, 0, 0, 949, 0, 0, 40, 799, 0, 0, 0, 0, 1319, 420, 0, 223, 1153, 197, 0, 0, 0, 0, 0, 0, 0, 0, 0, 1232, 0, 0, 0, 0, 0, 0, 0, 2520, 0, 0, 0, 4740, 0, 0, 0, 0, 0, 3545, 0, 0, 0, 0, 0, 0, 0, 0, 0, 0, 0, 0, 0, 0, 0, 0, 0, 0, 0, 0, 0, 1765, 0, 0, 0, 0, 0, 0, 0, 0, 0, 0, 0, 0, 0, 0, 0, 0, 0, 0, 0, 0, 0, 0, 0, 0, 0, 0, 0, 0, 0, 0, 0, 0, 0, 0, 0, 0, 0, 0, 0, 0, 0, 0, 392, 0, 0, 0, 0, 88, 0, 0, 0, 0, 0, 56, 190, 388, 238, 80, 0, 0, 119, 0, 328, 0, 0, 134, 346, 122, 856, 245, 749, 496, 0, 56, 0, 409, 270, 88, 0, 76, 0, 0, 1025, 111, 171, 0, 0, 317, 695, 68, 0, 0, 212, 31, 0, 527, 0, 0, 0, 392, 230, 0, 1493, 306, 134, 829, 0, 281, 698, 156, 0, 0, 1461, 2418, 360, 462, 0, 413, 1310, 0, 0, 0, 0, 0, 0, 5891, 0, 0, 0, 8086, 0, 8750, 0, 0, 0, 0, 0, 0, 0, 0, 0, 0, 0, 0, 0, 0, 0, 0, 3251, 0, 0, 0, 0, 0, 0, 0, 0, 0, 0, 0, 0, 3302, 0, 0, 0, 0, 0, 0, 0, 0, 0, 0, 3321, 0, 0, 0, 0, 0, 0, 0, 0, 0, 1339, 0, 0, 0, 5633, 0, 0, 0, 0, 0, 0, 0, 0, 0, 0, 0, 0, 0, 0, 0, 0, 0, 0, 0, 0, 0, 0, 0, 0, 0, 3439, 388, 0, 0, 0, 0, 0, 0, 0, 0, 0, 0, 0, 0, 0, 0, 0, 0, 0, 2005, 0, 0, 0, 2647, 0, 0, 0, 0, 0, 0, 0, 0, 0, 0, 0, 0, 0, 0, 0, 0, 0, 0, 0, 0, 0, 0, 0, 0, 0, 0, 0, 0, 0, 0, 0, 0, 0, 0, 0, 0, 0, 0, 0, 0, 0, 0, 0, 0, 0, 0, 0, 0, 0, 0, 0, 0, 0, 0, 0, 0, 0, 0, 0, 0, 0, 0, 0, 0, 0, 0, 0, 0, 6560, 0, 3708, 0, 0, 0, 0, 0, 0, 0, 0, 0, 8297, 0, 0, 0, 0, 0, 0, 0, 0, 0, 0, 0, 0, 0, 0, 0, 0, 0, 0, 0, 0, 0, 0, 0, 0, 0, 0, 0, 0, 0, 0, 0, 0, 0, 1065, 0, 0, 0, 0, 0, 0, 0, 0, 0, 0, 0, 0, 0, 0, 0, 0, 0, 0, 0, 0, 0, 0, 0, 0, 0, 5289, 0, 0, 0, 0, 0, 0, 0, 0, 0, 0, 0, 0, 0, 0, 0, 0, 0, 0, 0, 0, 0, 0, 0, 0, 0, 0, 0, 0, 0, 1264, 0, 0, 0, 0, 0, 0, 0, 0, 0, 0, 0, 0, 0, 0, 0, 0, 0, 0, 0, 0, 1179, 0, 0, 0, 0, 0, 0, 0, 0, 0, 0, 0, 0, 0, 5885, 0, 0, 9883, 0, 0, 0, 0, 0, 7308, 0, 9964, 0, 8471, 816, 0, 0, 0, 0, 0, 4081, 0, 0, 0, 0, 0, 0, 0, 11188, 0, 0, 0, 0, 317, 6589, 0, 0, 0, 0, 0, 0, 0, 0, 2742, 0, 0, 0, 0, 0, 0, 4135, 0, 0, 11342, 6769, 3324, 0, 2807, 0, 0, 0, 0, 0, 0, 0, 0, 0, 0, 0, 0, 0, 0, 0, 0, 0, 0, 579, 0, 0, 906, 0, 0, 0, 0, 0, 1939, 0, 0, 702, 0, 0, 524, 0, 0, 0, 2143, 0, 0, 0, 0, 0, 0, 0, 0, 0, 0, 0, 0, 0, 267, 0, 194, 1114, 0, 0, 0, 0, 779, 84, 227, 0, 0, 617, 0, 0, 1442, 0, 0, 395, 0, 324, 455, 0, 0, 0, 0, 0, 0, 0, 1075, 0, 0, 1720, 0, 0, 0, 0, 0, 0, 0, 0, 586, 0, 0, 4072, 6766, 0, 0, 0, 0, 0, 0, 0, 0, 0, 0, 7444, 0, 0, 0, 0, 0, 0, 0, 3922, 0, 0, 0, 0, 0, 0, 0, 0, 0, 5633, 0, 0, 0, 0, 0, 0, 0, 0, 0, 0, 0, 0, 0, 0, 0, 0, 0, 0, 7202, 0, 0, 0, 0, 0, 0, 0, 0, 0, 0, 0, 2567, 0, 0, 0, 0, 0, 7814, 0, 0, 3690, 0, 0, 0, 0, 0, 0, 0, 0, 0, 36, 201, 0, 194, 0, 0, 0, 40, 0, 0, 171, 0, 5, 52, 285, 0, 0, 903, 0, 0, 18, 0, 92, 56, 0, 0, 153, 465, 0, 0, 92, 0, 0, 0, 0, 111, 0, 72, 644, 0, 99, 0, 0, 0, 409, 0, 0, 572, 0, 0, 0, 48, 0, 0, 0, 0, 190, 2905, 0, 171, 0, 0, 0, 44, 0, 0, 0, 0, 0, 0, 0, 0, 0, 0, 0, 56, 84, 0, 0, 0, 1996, 0, 5896, 675, 2287, 0, 0, 0, 0, 0, 0, 1800, 3330, 2359, 0, 0, 0, 0, 0, 2433, 558, 0, 1942, 0, 0, 0, 2613, 0, 0, 0, 2296, 0, 0, 0, 0, 0, 0, 0, 0, 0, 0, 0, 0, 0, 0, 6432, 1342, 0, 0, 0, 0, 0, 0, 0, 0, 0, 0, 5425, 0, 0, 0, 0, 0, 0, 3448, 0, 2418, 0, 0, 10863, 0, 0, 0, 0, 0, 0, 0)
"genotype" <- c(59, 26, 89, 66, 7, 49, 47, 78, 30, 77, 8, 82, 48, 40, 44, 4, 79, 9, 36, 3, 15, 23, 57, 86, 45, 47, 63, 58, 50, 73, 70, 85, 67, 61, 68, 24, 5, 81, 32, 65, 88, 91, 29, 28, 55, 54, 43, 2, 83, 37, 46, 71, 56, 33, 34, 20, 51, 80, 93, 76, 72, 1, 60, 87, 27, 14, 52, 38, 25, 39, 69, 74, 11, 84, 23, 19, 41, 6, 64, 72, 88, 36, 69, 19, 25, 15, 26, 85, 76, 6, 20, 34, 37, 77, 32, 3, 87, 40, 8, 24, 59, 47, 39, 9, 79, 1, 58, 81, 89, 84, 68, 4, 51, 93, 2, 14, 31, 48, 60, 63, 91, 28, 80, 73, 78, 64, 49, 63, 5, 81, 56, 44, 45, 11, 30, 70, 86, 82, 29, 50, 27, 74, 67, 1, 57, 33, 55, 23, 71, 21, 43, 41, 66, 54, 38, 46, 65, 83, 52, 36, 82, 29, 40, 34, 27, 23, 64, 70, 36, 46, 43, 41, 66, 19, 79, 86, 78, 7, 80, 3, 32, 21, 60, 31, 58, 87, 84, 83, 26, 88, 49, 15, 50, 6, 71, 74, 38, 20, 9, 30, 52, 45, 26, 28, 2, 69, 24, 73, 2, 72, 37, 85, 25, 5, 65, 54, 1, 8, 57, 67, 39, 93, 14, 77, 33, 48, 92, 47, 74, 63, 56, 44, 91, 90, 68, 76, 55, 51, 38, 8, 65, 46, 30, 1, 76, 45, 43, 3, 36, 70, 74, 54, 67, 91, 34, 4, 72, 74, 2, 57, 82, 66, 49, 28, 67, 21, 88, 68, 87, 27, 59, 79, 19, 51, 50, 11, 7, 14, 32, 71, 37, 60, 23, 75, 20, 33, 9, 90, 85, 93, 69, 48, 29, 40, 64, 41, 58, 78, 47, 44, 5, 6, 55, 81, 26, 73, 83, 89, 84, 86, 56, 24, 77, 80, 63, 52, 25, 2, 55, 46, 49, 86, 26, 66, 48, 65, 40, 85, 9, 50, 8, 54, 80, 76, 77, 77, 84, 60, 14, 5, 83, 90, 34, 39, 67, 74, 20, 5, 74, 37, 29, 64, 56, 81, 87, 60, 47, 15, 7, 78, 93, 38, 69, 72, 82, 43, 1, 57, 59, 44, 73, 41, 91, 27, 58, 68, 45, 63, 52, 79, 31, 70, 71, 28, 51, 88, 3, 4, 33, 36, 25, 24, 23, 6, 19, 32, 30, 71, 4, 6, 28, 48, 32, 78, 93, 31, 66, 86, 83, 34, 59, 38, 27, 1, 43, 33, 2, 73, 39, 40, 75, 60, 79, 9, 68, 88, 67, 81, 85, 23, 37, 49, 25, 72, 64, 54, 65, 20, 51, 72, 80, 3, 21, 45, 58, 90, 30, 7, 46, 63, 77, 52, 41, 57, 47, 11, 55, 69, 14, 50, 44, 24, 29, 26, 76, 19, 84, 89, 82, 5, 87, 74, 8, 91, 56, 36, 70, 28, 91, 24, 19, 39, 89, 71, 52, 64, 45, 32, 51, 37, 66, 50, 70, 1, 58, 33, 6, 79, 5, 38, 61, 14, 67, 74, 86, 63, 44, 82, 8, 80, 56, 77, 34, 23, 75, 55, 43, 59, 29, 9, 68, 65, 25, 30, 85, 93, 70, 57, 20, 2, 15, 81, 36, 72, 83, 60, 7, 88, 78, 87, 26, 48, 69, 73, 49, 76, 66, 31, 38, 84, 41, 27, 40, 56, 6, 38, 54, 69, 25, 6, 84, 74, 40, 28, 89, 14, 39, 36, 80, 46, 41, 82, 9, 81, 58, 23, 38, 30, 72, 29, 65, 50, 55, 57, 68, 61, 34, 73, 86, 49, 33, 91, 80, 67, 66, 1, 56, 24, 48, 45, 63, 20, 15, 83, 32, 43, 2, 27, 26, 54, 87, 71, 59, 3, 8, 54, 77, 44, 31, 85, 93, 70, 21, 5, 51, 52, 60, 4, 67, 1, 37, 64, 79, 76, 27, 88, 19, 83, 27, 50, 30, 56, 79, 91, 66, 39, 14, 25, 26, 64, 72, 75, 44, 81, 37, 65, 89, 86, 85, 6, 57, 73, 3, 32, 45, 69, 25, 40, 20, 78, 76, 90, 55, 46, 33, 82, 38, 63, 80, 5, 9, 23, 88, 28, 2, 51, 84, 91, 60, 52, 34, 61, 54, 43, 29, 58, 15, 7, 24, 29, 77, 48, 70, 49, 36, 87, 71, 41, 8, 67, 84, 93, 1, 80, 68, 19, 74, 24, 27, 81, 52, 80, 46, 71, 3, 56, 67, 29, 66, 8, 43, 31, 84, 69, 68, 39, 5, 4, 57, 34, 55, 56, 49, 63, 74, 20, 73, 25, 2, 11, 85, 59, 26, 45, 41, 79, 44, 47, 38, 9, 91, 82, 15, 87, 86, 55, 21, 88, 64, 54, 51, 6, 60, 30, 14, 1, 28, 40, 90, 19, 65, 50, 33, 83, 93, 48, 58, 23, 78, 77, 72, 32, 36, 76, 37, 89, 70, 89, 6, 11, 52, 69, 93, 47, 38, 59, 21, 55, 74, 43, 51, 58, 9, 36, 3, 64, 82, 5, 37, 83, 7, 4, 25, 71, 65, 48, 49, 26, 28, 79, 2, 24, 60, 40, 87, 68, 19, 67, 29, 74, 86, 14, 66, 80, 39, 27, 76, 34, 77, 3, 64, 32, 50, 1, 81, 23, 56, 88, 41, 20, 63, 33, 8, 78, 54, 90, 57, 44, 85, 45, 84, 70, 72, 91, 37, 30, 73, 56, 88, 64, 23, 91, 83, 29, 84, 55, 76, 32, 66, 2, 92, 82, 68, 50, 19, 88, 67, 43, 60, 45, 27, 74, 75, 9, 70, 82, 38, 30, 71, 57, 86, 87, 52, 78, 77, 26, 85, 63, 81, 93, 15, 84, 33, 48, 65, 20, 80, 25, 7, 46, 28, 79, 36, 58, 4, 61, 49, 1, 73, 37, 8, 72, 47, 14, 6, 89, 41, 69, 54, 40, 51, 44, 24, 34, 39, 5, 33, 29, 88, 65, 39, 26, 82, 60, 9, 75, 6, 51, 74, 71, 66, 61, 73, 58, 31, 34, 41, 90, 59, 70, 25, 19, 30, 28, 5, 7, 67, 40, 52, 44, 33, 76, 91, 74, 47, 50, 46, 57, 43, 45, 56, 4, 83, 84, 69, 36, 55, 20, 23, 87, 37, 24, 14, 48, 89, 32, 2, 86, 72, 68, 27, 54, 8, 63, 49, 85, 79, 81, 93, 64, 15, 77, 80, 77, 38, 1, 66, 33, 56, 50, 68, 28, 3, 86, 41, 4, 43, 33, 15, 77, 93, 2, 58, 92, 82, 8, 89, 37, 37, 45, 57, 79, 75, 36, 48, 24, 32, 20, 26, 65, 52, 29, 47, 85, 46, 27, 54, 67, 50, 60, 38, 30, 71, 5, 9, 14, 31, 69, 73, 51, 63, 44, 76, 6, 25, 88, 72, 87, 19, 23, 40, 82, 34, 1, 55, 83, 11, 70, 64, 91, 74, 84, 80, 49, 81, 61, 5, 32, 55, 37, 73, 72, 58, 84, 59, 80, 33, 48, 66, 31, 21, 8, 2, 51, 39, 93, 45, 28, 63, 65, 9, 47, 24, 36, 19, 20, 41, 70, 77, 25, 69, 40, 29, 52, 74, 38, 4, 86, 1, 15, 16, 85, 50, 26, 91, 76, 7, 78, 75, 43, 79, 90, 23, 89, 68, 60, 49, 11, 30, 6, 71, 83, 87, 82, 57, 46, 14, 64, 67, 56, 34, 88, 27, 44, 27, 86, 4, 40, 39, 71, 84, 60, 88, 40, 69, 66, 39, 87, 20, 64, 44, 48, 73, 54, 56, 15, 25, 38, 82, 93, 2, 28, 34, 80, 47, 70, 79, 47, 74, 29, 63, 41, 67, 72, 43, 37, 85, 90, 83, 24, 49, 59, 36, 77, 33, 45, 52, 55, 7, 57, 3, 81, 19, 32, 26, 50, 51, 23, 68, 34, 76, 91, 6, 5, 65, 30, 8, 58, 46, 14, 89, 1, 5, 9, 50, 39, 54, 29, 74, 80, 90, 91, 71, 51, 93, 76, 50, 15, 44, 79, 66, 31, 72, 85, 33, 65, 25, 5, 24, 1, 3, 73, 41, 64, 26, 40, 84, 57, 81, 68, 58, 21, 88, 49, 77, 69, 20, 89, 82, 36, 47, 2, 46, 92, 52, 32, 60, 6, 46, 70, 87, 83, 7, 55, 9, 34, 56, 19, 23, 8, 37, 45, 11, 28, 14, 38, 30, 43, 67, 4, 27, 86, 63, 48, 60, 86, 54, 44, 69, 50, 48, 89, 81, 48, 41, 67, 39, 32, 3, 68, 72, 6, 73, 59, 34, 66, 82, 52, 47, 14, 7, 84, 19, 70, 83, 5, 21, 28, 77, 15, 23, 27, 79, 31, 24, 29, 80, 58, 57, 90, 26, 93, 76, 78, 1, 85, 43, 77, 2, 55, 74, 45, 71, 37, 30, 65, 64, 75, 8, 88, 91, 40, 38, 20, 49, 25, 33, 56, 77, 51, 9, 63, 46, 87, 78, 20, 93, 15, 47, 89, 49, 60, 64, 75, 83, 82, 29, 1, 25, 52, 37, 67, 4, 88, 30, 74, 77, 87, 85, 23, 92, 90, 91, 24, 21, 63, 65, 54, 51, 32, 73, 39, 76, 69, 72, 40, 27, 14, 9, 45, 36, 71, 84, 86, 34, 38, 70, 2, 72, 46, 26, 57, 41, 31, 80, 8, 7, 55, 52, 28, 79, 58, 48, 6, 66, 68, 44, 50, 56, 81, 19, 61, 5, 43, 1, 47, 57, 37, 21, 88, 73, 76, 93, 77, 68, 86, 79, 85, 60, 32, 71, 43, 48, 20, 80, 75, 65, 54, 74, 6, 49, 56, 91, 54, 29, 51, 69, 41, 14, 31, 55, 45, 26, 36, 27, 28, 8, 44, 40, 30, 83, 6, 34, 7, 46, 5, 89, 87, 64, 37, 82, 50, 66, 81, 19, 78, 39, 67, 23, 52, 58, 72, 33, 84, 70, 38, 24, 63, 61, 92, 2, 9, 25, 15, 88, 41, 83, 76, 63, 6, 19, 43, 38, 46, 30, 49, 8, 38, 85, 14, 50, 73, 92, 39, 23, 26, 90, 24, 82, 57, 7, 36, 72, 29, 64, 68, 67, 5, 77, 51, 86, 93, 61, 79, 66, 70, 72, 25, 91, 27, 58, 45, 1, 54, 52, 37, 3, 44, 52, 81, 89, 71, 47, 69, 60, 69, 80, 40, 32, 4, 28, 65, 30, 2, 48, 9, 34, 20, 15, 87, 84, 55, 74, 56, 41, 20, 40, 9, 37, 52, 61, 24, 36, 56, 63, 68, 51, 79, 57, 82, 14, 54, 23, 7, 25, 81, 58, 15, 26, 30, 93, 38, 28, 2, 47, 69, 74, 4, 81, 1, 11, 76, 78, 3, 83, 65, 5, 84, 64, 29, 71, 19, 44, 46, 80, 60, 92, 77, 8, 67, 55, 72, 27, 6, 34, 38, 73, 91, 39, 48, 86, 85, 70, 21, 43, 49, 50, 45, 66, 71, 32, 88, 87, 90, 81, 5, 76, 38, 32, 34, 47, 24, 19, 40, 85, 14, 88, 20, 9, 57, 83, 28, 3, 1, 11, 58, 55, 56, 66, 4, 36, 59, 69, 6, 71, 51, 70, 82, 27, 33, 46, 48, 44, 30, 91, 86, 36, 87, 74, 93, 72, 61, 78, 64, 49, 68, 41, 77, 26, 29, 50, 37, 67, 52, 39, 60, 77, 8, 80, 23, 6, 43, 45, 15, 54, 2, 84, 63, 73, 25, 7, 79, 21, 65, 28, 66, 23, 32, 52, 54, 58, 50, 85, 40, 25, 49, 6, 88, 76, 87, 64, 59, 37, 7, 33, 81, 71, 9, 57, 78, 89, 77, 67, 83, 30, 73, 63, 84, 5, 2, 19, 71, 45, 93, 38, 80, 41, 56, 65, 1, 69, 72, 4, 60, 55, 91, 79, 51, 20, 68, 66, 48, 28, 57, 34, 19, 43, 74, 39, 90, 8, 70, 24, 44, 50, 29, 27, 31, 14, 82, 26, 75, 36, 86, 29, 44, 88, 41, 83, 89, 52, 20, 49, 5, 24, 85, 11, 27, 59, 3, 63, 74, 34, 2, 86, 40, 69, 91, 68, 11, 84, 4, 45, 54, 60, 58, 66, 15, 8, 70, 28, 67, 6, 9, 56, 47, 39, 23, 14, 46, 80, 79, 31, 77, 36, 78, 43, 57, 64, 73, 81, 87, 30, 51, 38, 65, 29, 37, 90, 76, 26, 55, 32, 7, 50, 65, 72, 19, 71, 82, 93, 1, 25, 48, 71, 33, 70, 59, 81, 60, 82, 31, 72, 77, 52, 73, 91, 64, 19, 44, 54, 89, 54, 2, 37, 1, 68, 40, 28, 61, 36, 30, 6, 20, 49, 11, 9, 27, 23, 43, 7, 48, 63, 8, 26, 79, 66, 39, 5, 45, 85, 3, 58, 50, 15, 29, 57, 34, 32, 84, 14, 21, 67, 55, 25, 56, 80, 65, 41, 87, 51, 38, 93, 74, 76, 88, 78, 86, 51, 24, 47, 69, 83, 4, 52, 88, 76, 7, 56, 39, 21, 24, 20, 26, 50, 25, 63, 37, 36, 40, 90, 15, 23, 46, 55, 46, 30, 45, 9, 75, 86, 29, 67, 60, 93, 69, 54, 72, 19, 80, 2, 70, 68, 85, 79, 64, 44, 6, 82, 48, 59, 38, 43, 65, 66, 57, 74, 83, 49, 89, 32, 47, 71, 84, 28, 31, 27, 8, 51, 77, 14, 73, 34, 41, 58, 81, 87, 5, 11, 91, 54, 4, 1, 56, 55, 60, 24, 67, 80, 93, 47, 15, 33, 20, 40, 74, 65, 4, 47, 87, 27, 68, 39, 34, 7, 41, 30, 3, 71, 83, 85, 59, 46, 72, 5, 44, 76, 86, 91, 37, 19, 8, 52, 90, 73, 78, 82, 45, 38, 21, 5, 39, 25, 54, 69, 23, 88, 66, 79, 36, 6, 51, 14, 49, 1, 2, 50, 28, 64, 56, 29, 57, 43, 70, 26, 58, 84, 9, 48, 63, 72, 77, 81, 32, 6, 58, 77, 29, 91, 26, 57, 63, 39, 87, 32, 33, 31, 21, 24, 52, 71, 81, 64, 92, 65, 51, 74, 40, 25, 67, 78, 83, 89, 2, 5, 56, 85, 41, 68, 93, 88, 48, 30, 14, 23, 86, 54, 45, 81, 9, 69, 70, 4, 19, 46, 44, 27, 1, 82, 80, 73, 7, 8, 55, 34, 79, 43, 11, 76, 28, 50, 49, 20, 75, 84, 36, 54, 60, 38, 61, 61, 72, 66, 37, 49, 85, 9, 39, 32, 64, 76, 71, 57, 40, 14, 52, 86, 23, 50, 73, 67, 41, 34, 11, 37, 66, 19, 68, 3, 30, 29, 38, 5, 60, 7, 81, 84, 54, 72, 91, 82, 51, 8, 56, 45, 15, 80, 83, 26, 27, 81, 88, 72, 63, 79, 87, 33, 69, 61, 77, 21, 93, 36, 44, 39, 25, 48, 1, 4, 74, 90, 55, 6, 58, 59, 2, 65, 24, 33, 70, 20, 28, 89, 43, 66, 67, 77, 32, 40, 9, 65, 33, 52, 37, 78, 8, 48, 75, 58, 41, 7, 59, 80, 81, 69, 43, 54, 90, 57, 46, 5, 31, 49, 85, 20, 26, 72, 36, 3, 27, 25, 66, 93, 76, 56, 30, 39, 79, 86, 55, 60, 29, 6, 74, 28, 38, 63, 34, 91, 15, 19, 73, 2, 23, 44, 70, 14, 83, 20, 21, 64, 45, 50, 88, 87, 68, 84, 51, 1, 47, 82, 39, 24, 71, 39, 27, 6, 86, 21, 77, 81, 80, 56, 61, 40, 9, 19, 69, 66, 23, 91, 83, 4, 65, 52, 41, 47, 44, 48, 28, 67, 85, 68, 1, 57, 70, 32, 50, 34, 58, 36, 74, 2, 25, 82, 24, 76, 37, 54, 14, 79, 31, 51, 43, 72, 30, 64, 93, 8, 3, 55, 7, 59, 5, 26, 33, 60, 29, 88, 38, 11, 24, 29, 73, 63, 84, 15, 20, 71, 75, 45, 87, 78, 49, 19, 82, 11, 27, 34, 63, 21, 70, 48, 58, 36, 50, 7, 84, 73, 52, 40, 9, 26, 37, 45, 72, 64, 43, 83, 38, 85, 55, 87, 74, 92, 69, 8, 1, 6, 66, 71, 25, 90, 89, 31, 77, 44, 32, 91, 29, 20, 49, 68, 41, 65, 60, 2, 54, 76, 30, 57, 64, 23, 3, 5, 80, 2, 93, 56, 88, 4, 33, 14, 24, 39, 28, 25, 67, 51, 79, 86, 15, 81, 52, 54, 32, 21, 83, 19, 14, 77, 9, 79, 78, 30, 73, 55, 24, 50, 93, 37, 11, 40, 1, 90, 20, 6, 65, 59, 72, 57, 15, 58, 88, 46, 36, 70, 51, 33, 84, 31, 64, 43, 7, 25, 49, 80, 81, 5, 41, 87, 69, 26, 47, 74, 61, 48, 8, 27, 56, 2, 86, 63, 67, 82, 34, 60, 85, 68, 23, 66, 45, 3, 29, 38, 52, 71, 91, 76, 28, 44, 4, 39, 89, 15, 90, 63, 82, 40, 1, 45, 44, 52, 25, 43, 20, 40, 26, 4, 73, 81, 71, 70, 8, 7, 77, 30, 6, 86, 92, 60, 19, 57, 32, 55, 50, 78, 38, 27, 58, 36, 48, 84, 41, 5, 80, 68, 32, 83, 54, 34, 14, 33, 74, 89, 85, 69, 88, 47, 51, 23, 91, 46, 29, 31, 37, 72, 87, 67, 24, 2, 56, 93, 64, 46, 39, 79, 66, 65, 9, 76, 28, 49, 82, 45, 26, 68, 74, 92, 20, 7, 58, 40, 71, 23, 57, 72, 61, 36, 11, 37, 86, 83, 93, 41, 85, 64, 73, 84, 69, 43, 5, 28, 15, 21, 44, 89, 38, 31, 48, 79, 1, 49, 82, 77, 52, 47, 60, 76, 65, 25, 19, 6, 4, 70, 66, 34, 67, 32, 39, 14, 30, 55, 91, 63, 54, 2, 29, 33, 50, 24, 56, 9, 80, 37, 87, 88, 8, 51, 34, 82, 81, 81, 27, 85, 36, 6, 37, 46, 38, 27, 4, 45, 73, 7, 25, 41, 66, 72, 87, 31, 5, 11, 57, 80, 79, 77, 2, 71, 20, 93, 28, 29, 24, 1, 82, 83, 1, 88, 86, 60, 32, 43, 84, 30, 76, 59, 90, 67, 14, 75, 74, 11, 65, 58, 44, 64, 80, 23, 49, 8, 50, 91, 48, 55, 68, 15, 52, 69, 3, 56, 19, 39, 26, 51, 78, 40, 9, 34, 54, 70, 63, 81, 61, 65, 51, 73, 56, 83, 1, 59, 21, 11, 75, 20, 43, 60, 14, 87, 29, 36, 40, 69, 32, 48, 1, 84, 30, 57, 31, 27, 39, 86, 76, 28, 52, 9, 44, 72, 45, 64, 54, 25, 8, 71, 67, 78, 74, 79, 2, 46, 7, 68, 66, 4, 23, 61, 80, 58, 41, 81, 5, 47, 34, 39, 82, 19, 93, 88, 70, 77, 85, 55, 49, 28, 6, 38, 24, 37, 91, 15, 26, 63, 23, 28, 88, 37, 65, 49, 81, 20, 52, 73, 27, 84, 51, 4, 41, 33, 82, 57, 9, 38, 67, 32, 80, 54, 87, 75, 59, 29, 36, 7, 8, 66, 69, 1, 85, 44, 5, 43, 60, 48, 50, 74, 55, 46, 56, 58, 19, 79, 78, 77, 34, 93, 24, 26, 6, 14, 40, 76, 68, 39, 81, 45, 91, 63, 25, 2, 30, 8, 83, 86, 24, 66, 61, 64, 70, 89, 72, 11, 31, 71, 48, 60, 2, 75, 65, 67, 36, 77, 71, 6, 27, 84, 70, 31, 57, 47, 37, 63, 49, 87, 43, 28, 66, 23, 86, 72, 11, 38, 25, 40, 82, 32, 56, 88, 9, 89, 52, 45, 54, 57, 26, 7, 34, 4, 79, 58, 64, 76, 24, 50, 44, 51, 59, 33, 80, 3, 69, 78, 85, 81, 41, 30, 55, 73, 74, 93, 20, 68, 39, 5, 8, 15, 74, 91, 21, 1, 83, 29, 19, 14, 58, 19, 51, 30, 7, 26, 23, 67, 39, 81, 44, 36, 33, 72, 16, 2, 62, 28, 82, 13, 77, 17, 54, 57, 66, 55, 56, 21, 88, 61, 50, 24, 29, 5, 70, 85, 37, 22, 45, 25, 35, 9, 47, 31, 93, 38, 84, 79, 15, 1, 65, 3, 10, 40, 32, 91, 68, 71, 86, 64, 41, 43, 41, 90, 60, 6, 42, 46, 27, 83, 59, 74, 87, 20, 14, 78, 4, 76, 73, 59, 34, 65, 58, 24, 3, 73, 15, 50, 57, 90, 2, 14, 9, 42, 49, 38, 69, 17, 91, 32, 55, 84, 75, 81, 39, 46, 20, 87, 86, 33, 64, 12, 44, 11, 54, 79, 85, 71, 66, 1, 72, 29, 68, 80, 40, 83, 23, 27, 4, 93, 25, 63, 67, 36, 28, 30, 74, 47, 43, 92, 82, 6, 76, 60, 41, 19, 31, 83, 37, 22, 51, 48, 61, 56, 26, 77, 21, 78, 13, 70, 88, 89, 5, 7, 37, 45, 41, 2, 52, 21, 49, 30, 7, 87, 87, 34, 25, 8, 47, 13, 89, 36, 36, 40, 40, 5, 1, 38, 32, 64, 45, 23, 60, 9, 82, 82, 73, 19, 70, 59, 62, 14, 51, 68, 74, 39, 6, 93, 69, 80, 73, 27, 54, 35, 29, 20, 15, 75, 44, 79, 66, 46, 16, 20, 83, 57, 71, 26, 50, 91, 26, 72, 11, 77, 85, 28, 55, 86, 28, 37, 63, 48, 24, 78, 81, 56, 58, 84, 83, 22, 4, 88, 17, 88, 69, 83, 71, 49, 71, 4, 78, 84, 68, 89, 3, 2, 79, 22, 59, 70, 9, 33, 87, 51, 61, 66, 28, 36, 16, 86, 80, 13, 81, 66, 74, 37, 6, 50, 43, 25, 76, 41, 74, 27, 14, 38, 90, 58, 64, 39, 93, 55, 65, 23, 72, 31, 29, 5, 91, 67, 30, 73, 1, 75, 24, 15, 57, 52, 44, 26, 19, 46, 56, 77, 45, 40, 92, 35, 54, 20, 32, 85, 8, 60, 17, 42, 67, 1, 88, 38, 21, 7, 4, 65, 72, 91, 24, 18, 11, 30, 93, 84, 28, 41, 20, 55, 13, 23, 69, 35, 2, 85, 76, 33, 82, 34, 46, 77, 71, 44, 61, 60, 47, 86, 45, 40, 29, 37, 53, 83, 43, 68, 58, 73, 81, 49, 59, 26, 19, 36, 57, 78, 3, 39, 66, 90, 54, 50, 31, 51, 74, 87, 22, 6, 60, 25, 5, 62, 56, 79, 15, 48, 9, 64, 27, 8, 73, 77, 13, 65, 85, 17, 56, 36, 24, 43, 74, 27, 28, 14, 40, 50, 51, 90, 5, 8, 2, 45, 67, 28, 83, 88, 22, 39, 69, 35, 80, 60, 64, 76, 20, 52, 15, 7, 5, 68, 41, 54, 87, 68, 61, 25, 1, 93, 47, 23, 3, 89, 44, 4, 2, 66, 78, 31, 59, 55, 86, 71, 19, 30, 57, 29, 38, 84, 32, 46, 46, 91, 58, 33, 37, 9, 34, 70, 26, 49, 79, 11, 6, 82, 81, 52, 56, 86, 84, 4, 29, 27, 47, 74, 48, 17, 25, 73, 9, 60, 6, 87, 67, 59, 25, 5, 44, 49, 34, 70, 68, 64, 72, 11, 24, 92, 44, 26, 1, 28, 33, 20, 13, 3, 35, 54, 7, 89, 43, 36, 93, 42, 85, 57, 58, 41, 67, 91, 37, 77, 11, 45, 79, 50, 40, 65, 78, 83, 84, 8, 46, 2, 19, 31, 51, 82, 69, 71, 32, 55, 81, 22, 62, 56, 15, 38, 39, 23, 80, 88, 76, 30, 91, 46, 72, 17, 65, 8, 79, 30, 25, 81, 56, 69, 37, 88, 41, 11, 4, 38, 77, 54, 73, 85, 13, 68, 32, 28, 7, 90, 21, 60, 31, 34, 40, 3, 9, 67, 24, 74, 50, 70, 91, 5, 76, 43, 39, 33, 71, 40, 64, 20, 59, 47, 23, 66, 78, 47, 27, 26, 37, 84, 45, 87, 44, 80, 19, 58, 62, 93, 51, 36, 15, 86, 20, 35, 2, 83, 22, 82, 57, 29, 55, 6, 42, 45, 37, 91, 56, 84, 51, 7, 86, 27, 71, 87, 54, 38, 48, 34, 44, 59, 67, 46, 24, 1, 68, 19, 78, 6, 6, 88, 28, 5, 75, 13, 79, 40, 10, 33, 64, 50, 20, 53, 80, 23, 72, 92, 21, 93, 14, 65, 57, 83, 26, 17, 31, 41, 61, 47, 73, 60, 36, 4, 81, 62, 9, 74, 32, 15, 22, 39, 76, 43, 30, 35, 85, 29, 55, 45, 77, 58, 2, 66, 27, 56, 38, 87, 71, 19, 84, 92, 45, 2, 41, 77, 40, 54, 82, 44, 36, 60, 7, 90, 88, 65, 5, 35, 29, 79, 85, 65, 47, 43, 50, 67, 37, 6, 25, 4, 70, 23, 55, 86, 69, 93, 52, 71, 58, 76, 26, 33, 22, 30, 51, 89, 10, 83, 73, 74, 34, 72, 8, 81, 13, 39, 9, 24, 28, 12, 66, 15, 57, 68, 91, 18, 11, 20, 61, 51, 31, 64, 59, 32, 1, 78, 46, 23, 45, 40, 30, 41, 56, 65, 79, 88, 47, 73, 67, 56, 65, 7, 26, 79, 35, 91, 24, 27, 90, 82, 62, 33, 20, 51, 83, 29, 93, 19, 37, 71, 59, 67, 84, 63, 77, 43, 5, 36, 44, 39, 55, 4, 81, 68, 31, 92, 57, 15, 87, 32, 3, 22, 2, 58, 48, 46, 86, 6, 91, 38, 78, 74, 72, 64, 50, 9, 60, 85, 84, 61, 28, 54, 66, 76, 58, 13, 38, 39, 60, 80, 30, 36, 28, 8, 47, 14, 86, 56, 81, 29, 23, 3, 22, 34, 37, 68, 48, 17, 2, 16, 77, 54, 77, 15, 64, 63, 71, 78, 6, 44, 84, 19, 26, 76, 50, 79, 75, 83, 78, 27, 32, 57, 49, 12, 93, 59, 43, 73, 9, 11, 69, 41, 1, 51, 65, 25, 61, 4, 55, 31, 46, 82, 66, 5, 70, 21, 44, 67, 45, 85, 74, 87, 72, 33, 62, 88, 35, 7, 20, 24, 40, 91, 56, 16, 29, 76, 6, 28, 75, 46, 69, 34, 22, 67, 93, 40, 80, 88, 55, 2, 19, 91, 38, 14, 49, 32, 25, 23, 84, 57, 92, 64, 3, 10, 30, 24, 39, 54, 17, 63, 89, 48, 60, 33, 79, 65, 13, 31, 26, 71, 87, 66, 21, 81, 62, 12, 74, 36, 42, 78, 27, 47, 9, 41, 15, 44, 4, 73, 90, 37, 11, 86, 45, 7, 55, 43, 72, 58, 59, 68, 50, 85, 5, 51, 20, 77, 82, 83, 28, 46, 68, 86, 72, 54, 2, 85, 45, 44, 47, 73, 63, 39, 71, 77, 55, 70, 69, 38, 31, 93, 56, 6, 40, 59, 46, 79, 64, 37, 20, 42, 7, 15, 13, 29, 17, 58, 34, 58, 26, 76, 23, 83, 4, 50, 50, 88, 84, 5, 52, 87, 14, 91, 24, 32, 19, 66, 43, 57, 89, 25, 60, 81, 81, 27, 62, 41, 22, 30, 35, 36, 51, 80, 74, 9, 9, 67, 65, 65, 21, 30, 12, 43, 33, 33, 78, 3, 5, 72, 82, 68, 80, 58, 9, 54, 45, 27, 79, 4, 4, 43, 65, 91, 13, 30, 1, 51, 71, 37, 57, 85, 25, 86, 15, 59, 29, 61, 75, 44, 23, 56, 22, 67, 70, 92, 66, 39, 64, 6, 41, 24, 55, 10, 3, 11, 62, 14, 74, 46, 81, 83, 19, 20, 77, 33, 87, 73, 50, 52, 28, 34, 49, 40, 78, 21, 2, 60, 89, 32, 47, 7, 88, 93, 31, 76, 84, 26, 38, 36, 12, 35, 17, 90, 79, 51, 27, 78, 8, 59, 15, 58, 93, 84, 57, 57, 5, 74, 29, 75, 3, 56, 9, 67, 55, 65, 19, 7, 68, 63, 42, 34, 11, 60, 54, 13, 23, 44, 41, 20, 86, 4, 88, 45, 40, 81, 64, 28, 35, 37, 30, 72, 85, 43, 2, 60, 52, 69, 6, 14, 24, 92, 1, 83, 22, 26, 91, 17, 30, 32, 50, 77, 32, 71, 38, 36, 46, 47, 25, 62, 31, 33, 48, 61, 49, 39, 90, 73, 76, 66, 87, 5, 22, 35, 72, 80, 9, 40, 26, 63, 56, 34, 50, 27, 28, 45, 51, 2, 54, 84, 85, 31, 47, 91, 62, 88, 4, 13, 92, 47, 78, 30, 79, 65, 29, 81, 19, 49, 3, 89, 60, 27, 66, 86, 10, 15, 74, 25, 46, 70, 16, 93, 59, 12, 67, 38, 14, 83, 24, 69, 41, 87, 71, 64, 29, 23, 58, 43, 73, 57, 36, 37, 44, 55, 39, 7, 76, 77, 48, 68, 44, 6, 49, 11, 20, 16, 60, 40, 26, 91, 75, 15, 76, 47, 39, 65, 14, 56, 88, 32, 38, 33, 63, 29, 89, 46, 29, 19, 54, 7, 27, 36, 67, 55, 73, 87, 66, 3, 28, 68, 41, 58, 77, 78, 50, 43, 5, 48, 45, 59, 44, 79, 83, 19, 70, 62, 57, 85, 2, 86, 24, 21, 51, 25, 46, 52, 72, 13, 9, 64, 84, 30, 81, 80, 71, 23, 4, 35, 74, 22, 8, 1, 6, 93, 37, 90, 82, 17, 58, 4, 69, 12, 20, 8, 29, 28, 42, 44, 71, 30, 47, 68, 60, 84, 66, 3, 59, 11, 15, 64, 39, 34, 43, 31, 56, 91, 27, 5, 10, 76, 40, 80, 77, 45, 88, 78, 57, 7, 86, 51, 19, 90, 32, 33, 83, 55, 54, 85, 23, 13, 38, 22, 62, 93, 41, 24, 92, 2, 36, 9, 25, 74, 6, 61, 65, 70, 26, 46, 79, 73, 87, 37, 89, 81, 29, 50, 80, 72, 79, 33, 40, 54, 84, 26, 62, 37, 81, 76, 89, 45, 21, 71, 72, 1, 67, 55, 12, 13, 88, 93, 57, 23, 59, 6, 9, 80, 38, 2, 47, 56, 77, 58, 34, 66, 27, 26, 51, 46, 44, 39, 32, 63, 11, 90, 3, 41, 50, 64, 82, 79, 87, 78, 85, 7, 86, 91, 65, 42, 4, 83, 25, 29, 74, 36, 17, 31, 68, 30, 22, 20, 35, 69, 15, 85, 73, 75, 60, 43, 49, 28, 24, 19, 33, 5, 36, 70, 38, 9, 61, 5, 8, 78, 2, 57, 22, 10, 68, 14, 53, 59, 86, 20, 7, 40, 39, 4, 6, 1, 79, 66, 29, 83, 76, 28, 31, 88, 84, 51, 42, 43, 60, 37, 65, 80, 24, 15, 87, 47, 54, 25, 26, 44, 56, 81, 23, 74, 41, 45, 30, 21, 19, 93, 71, 64, 33, 50, 77, 3, 52, 17, 45, 46, 67, 90, 13, 91, 85, 58, 92, 55, 73, 89, 27, 72, 13, 74, 50, 43, 40, 79, 85, 88, 60, 75, 66, 51, 51, 50, 78, 83, 64, 67, 35, 47, 91, 76, 36, 15, 7, 53, 73, 28, 56, 59, 65, 58, 55, 19, 63, 88, 86, 2, 70, 6, 41, 27, 23, 83, 10, 57, 90, 29, 72, 20, 71, 3, 33, 9, 22, 93, 87, 5, 45, 54, 82, 77, 25, 44, 4, 46, 89, 39, 81, 68, 26, 69, 37, 30, 84, 24, 38, 40, 32, 71, 61, 58, 37, 51, 13, 93, 46, 84, 9, 39, 44, 41, 42, 88, 79, 19, 66, 73, 22, 74, 2, 64, 67, 7, 81, 72, 3, 11, 45, 23, 85, 68, 29, 54, 5, 6, 43, 77, 86, 15, 73, 56, 91, 60, 38, 59, 78, 48, 89, 87, 76, 35, 33, 24, 36, 34, 30, 26, 12, 63, 25, 14, 47, 82, 80, 65, 31, 52, 83, 20, 57, 27, 28, 4, 84, 90, 50, 92, 1, 5, 54, 82, 50, 81, 51, 57, 6, 27, 64, 26, 40, 37, 56, 73, 14, 84, 86, 15, 8, 87, 93, 68, 23, 42, 3, 85, 46, 11, 52, 78, 9, 72, 81, 2, 31, 70, 71, 44, 29, 7, 45, 83, 38, 4, 41, 22, 34, 32, 88, 47, 77, 33, 43, 79, 69, 76, 59, 19, 36, 28, 58, 60, 71, 76, 58, 35, 89, 25, 1, 74, 66, 63, 75, 80, 49, 92, 67, 13, 65, 48, 17, 30, 39, 80, 20, 91, 24, 15, 55, 78, 2, 20, 68, 23, 21, 22, 45, 11, 62, 85, 81, 93, 64, 34, 34, 8, 88, 74, 54, 15, 27, 82, 25, 35, 17, 84, 36, 4, 29, 12, 59, 31, 57, 48, 41, 70, 40, 69, 73, 87, 10, 72, 76, 30, 5, 83, 52, 7, 26, 51, 6, 77, 42, 79, 13, 14, 67, 46, 58, 33, 71, 19, 47, 39, 60, 91, 24, 66, 9, 28, 81, 50, 55, 65, 37, 3, 44, 56, 86, 89, 24, 38, 32, 30, 58, 60, 27, 68, 44, 3, 15, 7, 41, 76, 47, 38, 31, 9, 40, 73, 29, 45, 66, 13, 54, 27, 22, 5, 85, 77, 50, 11, 88, 35, 92, 63, 56, 69, 75, 21, 93, 36, 89, 26, 84, 64, 39, 86, 33, 17, 71, 57, 81, 87, 51, 55, 25, 46, 74, 24, 90, 34, 79, 78, 61, 8, 28, 72, 83, 82, 62, 6, 23, 37, 65, 43, 4, 2, 20, 19, 59, 49, 91, 67, 14, 50, 50, 71, 17, 44, 23, 31, 47, 22, 15, 87, 24, 3, 63, 19, 6, 28, 79, 30, 88, 7, 51, 85, 74, 54, 66, 39, 45, 55, 90, 84, 76, 36, 25, 60, 64, 24, 14, 20, 46, 72, 65, 13, 58, 40, 61, 68, 38, 59, 56, 5, 29, 81, 83, 2, 93, 67, 52, 92, 49, 86, 9, 70, 62, 91, 78, 68, 41, 10, 43, 57, 75, 71, 87, 24, 79, 26, 29, 48, 73, 51, 40, 27, 4, 84, 5, 83, 67, 70, 38, 5, 66, 65, 26, 21, 30, 64, 11, 60, 28, 47, 32, 62, 39, 19, 46, 59, 45, 90, 72, 91, 69, 86, 9, 35, 83, 88, 57, 71, 20, 14, 13, 92, 85, 43, 56, 23, 58, 2, 88, 25, 50, 52, 34, 37, 67, 55, 1, 63, 93, 28, 22, 41, 89, 68, 48, 24, 81, 6, 3, 79, 74, 77, 15, 44, 31, 7, 87, 39, 76, 78, 36, 54, 31, 7, 10, 43, 71, 60, 20, 86, 59, 30, 39, 26, 52, 30, 32, 11, 68, 51, 73, 13, 2, 33, 38, 28, 84, 67, 57, 44, 9, 5, 63, 53, 79, 81, 77, 54, 29, 89, 76, 49, 21, 19, 88, 47, 46, 72, 78, 83, 35, 23, 74, 64, 36, 40, 50, 78, 45, 8, 87, 55, 6, 27, 90, 61, 93, 37, 84, 65, 41, 56, 58, 4, 24, 66, 80, 85, 3, 12, 22, 91, 15, 25, 80, 22, 65, 72, 83, 36, 69, 53, 15, 63, 30, 74, 24, 45, 27, 4, 39, 49, 7, 47, 52, 57, 61, 46, 60, 66, 73, 34, 79, 38, 20, 90, 64, 77, 75, 78, 10, 26, 19, 23, 14, 76, 71, 25, 12, 40, 62, 54, 35, 59, 89, 5, 28, 9, 87, 44, 42, 51, 68, 85, 2, 88, 91, 82, 67, 93, 50, 86, 56, 29, 55, 58, 6, 43, 84, 81, 41, 21, 37, 8, 3, 33, 13, 76, 80, 26, 49, 46, 86, 91, 69, 58, 62, 36, 84, 52, 72, 81, 7, 21, 40, 22, 48, 74, 31, 71, 56, 88, 6, 9, 41, 79, 89, 30, 63, 28, 90, 13, 47, 83, 37, 60, 64, 39, 45, 15, 27, 19, 51, 25, 67, 24, 33, 78, 75, 17, 11, 8, 29, 77, 44, 23, 2, 32, 35, 5, 65, 42, 68, 66, 43, 74, 54, 16, 85, 41, 59, 50, 38, 57, 34, 55, 12, 73, 4, 87, 93, 70, 71, 37, 84, 25, 59, 48, 8, 44, 68, 39, 21, 77, 23, 55, 2, 23, 57, 82, 81, 63, 50, 56, 26, 83, 88, 65, 4, 40, 6, 85, 93, 52, 74, 19, 72, 87, 61, 73, 64, 51, 27, 20, 11, 43, 5, 42, 76, 41, 28, 72, 9, 91, 13, 86, 24, 46, 80, 36, 30, 47, 22, 54, 34, 29, 89, 90, 78, 58, 7, 67, 38, 60, 66, 49, 69, 35, 15, 33, 17, 45, 8, 92, 79, 75, 5, 29, 63, 14, 85, 60, 28, 2, 66, 86, 68, 43, 61, 4, 5, 11, 76, 77, 3, 72, 93, 22, 27, 44, 16, 12, 23, 84, 37, 38, 91, 8, 26, 20, 6, 83, 88, 64, 69, 47, 82, 39, 62, 82, 24, 74, 80, 19, 52, 79, 50, 13, 78, 45, 65, 7, 25, 87, 46, 36, 56, 54, 9, 55, 92, 54, 57, 71, 89, 89, 15, 67, 48, 33, 41, 58, 27, 90, 75, 51, 81, 40, 59, 70, 36, 73, 76, 32, 40, 55, 78, 83, 51, 29, 35, 6, 17, 23, 68, 45, 93, 92, 65, 25, 64, 79, 62, 31, 89, 73, 49, 37, 13, 88, 75, 27, 20, 90, 67, 1, 72, 91, 84, 21, 30, 71, 3, 54, 26, 86, 22, 49, 19, 28, 61, 81, 34, 66, 15, 77, 82, 10, 59, 63, 9, 36, 57, 74, 14, 39, 43, 38, 56, 2, 57, 87, 24, 8, 41, 53, 46, 5, 7, 69, 47, 60, 58, 44, 50, 85, 4, 59, 57, 40, 12, 62, 52, 72, 69, 79, 67, 34, 13, 83, 81, 65, 21, 5, 77, 87, 46, 41, 20, 15, 73, 4, 61, 85, 45, 91, 60, 49, 56, 6, 93, 78, 88, 71, 28, 38, 76, 26, 54, 63, 49, 27, 68, 33, 30, 2, 74, 24, 44, 20, 80, 43, 7, 66, 47, 14, 51, 89, 39, 84, 50, 22, 37, 86, 36, 9, 64, 55, 23, 85, 25, 58, 3, 19, 29, 24, 42, 35, 60, 24, 21, 47, 72, 19, 40, 29, 1, 26, 68, 90, 64, 57, 55, 63, 4, 73, 20, 5, 43, 2, 52, 6, 77, 32, 24, 78, 28, 85, 53, 23, 38, 72, 87, 76, 66, 92, 37, 31, 11, 25, 7, 29, 1, 83, 89, 65, 46, 39, 9, 51, 26, 68, 90, 36, 41, 84, 48, 56, 86, 59, 79, 74, 10, 69, 44, 33, 3, 93, 58, 27, 67, 30, 88, 17, 7, 45, 63, 75, 54, 91, 71, 81, 50, 15, 52, 39, 64, 47, 71, 79, 28, 61, 44, 62, 82, 57, 60, 1, 30, 3, 48, 81, 24, 67, 51, 45, 43, 36, 17, 76, 13, 93, 52, 64, 42, 20, 27, 31, 59, 86, 89, 91, 8, 80, 41, 7, 58, 84, 54, 72, 83, 73, 78, 38, 5, 50, 2, 37, 70, 87, 46, 29, 4, 40, 23, 33, 65, 26, 6, 85, 49, 34, 92, 63, 68, 88, 15, 19, 66, 56, 29, 90, 9, 63, 25, 74, 55, 16, 75, 77, 32, 20, 44, 49, 40, 32, 43, 26, 62, 82, 58, 36, 78, 79, 47, 60, 39, 4, 34, 38, 24, 83, 19, 15, 35, 88, 22, 27, 59, 8, 45, 87, 77, 51, 66, 5, 12, 85, 80, 72, 55, 1, 7, 92, 50, 54, 89, 39, 11, 16, 78, 77, 57, 76, 7, 14, 81, 91, 68, 41, 37, 84, 46, 33, 21, 69, 63, 3, 2, 56, 67, 86, 90, 9, 64, 13, 55, 23, 93, 30, 48, 65, 29, 6, 71, 28, 73, 25, 74, 84, 57, 7, 63, 50, 36, 35, 59, 69, 55, 85, 86, 8, 64, 90, 46, 76, 23, 44, 11, 20, 13, 32, 41, 53, 65, 3, 79, 25, 6, 30, 58, 74, 43, 24, 15, 81, 29, 34, 88, 75, 37, 38, 10, 77, 92, 28, 62, 88, 83, 93, 45, 27, 26, 54, 78, 73, 19, 48, 56, 68, 4, 16, 2, 64, 66, 60, 61, 9, 40, 51, 91, 33, 17, 47, 5, 31, 72, 39, 71, 87, 67, 46, 40, 85, 50, 30, 9, 26, 49, 19, 88, 87, 63, 47, 2, 55, 3, 5, 33, 23, 66, 37, 62, 15, 73, 40, 42, 6, 8, 20, 13, 45, 64, 38, 57, 27, 51, 29, 56, 43, 81, 60, 67, 54, 36, 28, 14, 44, 10, 83, 59, 77, 84, 41, 65, 93, 22, 91, 35, 12, 4, 72, 17, 86, 61, 76, 68, 21, 90, 89, 24, 82, 78, 39, 74, 58, 25, 11, 71, 79, 7, 46, 57, 1, 24, 23, 83, 54, 60, 59, 36, 8, 93, 87, 56, 38, 74, 85, 31, 75, 1, 20, 72, 9, 15, 76, 32, 81, 30, 82, 27, 50, 37, 66, 63, 56, 41, 80, 45, 26, 69, 2, 24, 44, 64, 7, 65, 37, 52, 48, 90, 4, 29, 88, 84, 67, 25, 40, 68, 34, 91, 19, 86, 79, 71, 69, 43, 51, 5, 70, 28, 39, 49, 14, 6, 58, 61, 73, 77, 78, 58, 19, 75, 65, 9, 26, 20, 50, 44, 36, 91, 88, 57, 8, 60, 73, 56, 34, 54, 77, 33, 49, 5, 41, 2, 48, 28, 43, 72, 89, 1, 64, 15, 86, 32, 77, 52, 67, 79, 68, 82, 59, 84, 66, 23, 3, 47, 45, 39, 83, 63, 85, 27, 76, 7, 37, 87, 25, 38, 14, 30, 6, 74, 24, 49, 70, 40, 51, 29, 71, 31, 81, 80, 80, 94, 78, 46, 69, 64, 1, 31, 94, 32, 41, 63, 69, 36, 8, 70, 5, 67, 58, 73, 56, 68, 45, 26, 3, 33, 66, 4, 81, 77, 84, 86, 24, 46, 51, 60, 79, 14, 47, 57, 76, 78, 65, 87, 75, 21, 52, 44, 85, 71, 43, 38, 83, 6, 50, 40, 72, 80, 11, 74, 28, 34, 89, 59, 2, 91, 37, 25, 48, 27, 20, 90, 54, 29, 19, 82, 39, 7, 9, 30, 49, 15, 88, 64, 23, 72, 64, 73, 48, 11, 61, 54, 68, 8, 50, 72, 69, 30, 87, 67, 43, 14, 20, 5, 21, 77, 71, 90, 49, 57, 59, 85, 41, 45, 37, 74, 91, 74, 65, 89, 38, 39, 82, 66, 56, 81, 33, 28, 6, 88, 70, 73, 24, 19, 79, 31, 26, 2, 23, 44, 83, 40, 36, 4, 25, 27, 60, 94, 76, 78, 80, 63, 34, 86, 34, 84, 46, 51, 29, 58, 9, 32, 52, 1, 58, 82, 41, 5, 67, 51, 80, 38, 40, 25, 32, 49, 8, 9, 60, 76, 19, 59, 87, 37, 83, 28, 24, 94, 56, 14, 34, 29, 85, 91, 30, 71, 64, 27, 44, 6, 89, 19, 68, 80, 79, 77, 54, 63, 73, 88, 84, 81, 50, 48, 2, 52, 69, 75, 26, 3, 82, 43, 23, 66, 50, 1, 2, 15, 45, 39, 65, 33, 74, 6, 70, 86, 11, 7, 57, 72, 81, 36, 20, 88, 2, 66, 48, 7, 47, 70, 52, 60, 65, 63, 6, 73, 5, 8, 85, 32, 58, 20, 27, 36, 44, 83, 30, 15, 84, 43, 19, 81, 67, 3, 49, 93, 57, 38, 26, 77, 76, 87, 25, 34, 72, 70, 74, 64, 45, 46, 50, 41, 82, 23, 14, 11, 86, 40, 27, 28, 75, 39, 33, 31, 54, 59, 37, 24, 91, 20, 29, 1, 79, 9, 51, 4, 80, 71, 69, 56, 68, 61, 90, 68, 8, 82, 15, 83, 40, 9, 69, 61, 86, 14, 67, 11, 24, 54, 79, 31, 88, 66, 75, 2, 94, 56, 57, 20, 45, 26, 50, 7, 48, 76, 73, 64, 63, 72, 43, 34, 30, 71, 39, 81, 44, 36, 5, 80, 65, 84, 78, 28, 51, 49, 23, 58, 70, 29, 38, 32, 47, 41, 91, 74, 85, 33, 89, 25, 3, 59, 1, 60, 52, 4, 37, 6, 77, 19, 27, 87, 46, 82, 79, 77, 72, 46, 36, 6, 4, 88, 85, 9, 19, 30, 37, 28, 52, 68, 8, 89, 90, 51, 66, 23, 7, 1, 67, 60, 83, 64, 48, 3, 20, 56, 71, 94, 44, 50, 45, 59, 78, 74, 87, 41, 73, 27, 84, 86, 39, 58, 76, 33, 81, 40, 91, 43, 15, 32, 61, 26, 38, 6, 80, 70, 54, 25, 57, 49, 21, 29, 5, 2, 24, 14, 69, 65, 47, 63, 34, 31, 29, 80, 28, 56, 84, 14, 86, 26, 34, 68, 4, 7, 80, 5, 83, 11, 51, 77, 49, 59, 27, 8, 20, 81, 46, 71, 87, 74, 30, 24, 66, 32, 88, 94, 1, 73, 45, 82, 70, 43, 58, 65, 39, 67, 54, 3, 90, 85, 76, 60, 91, 61, 80, 69, 40, 15, 23, 89, 36, 33, 64, 78, 37, 72, 77, 79, 38, 25, 9, 48, 52, 19, 2, 44, 57, 50, 41, 63, 6, 74, 70, 65, 71, 4, 7, 85, 1, 33, 94, 30, 86, 72, 20, 41, 50, 40, 54, 60, 49, 46, 61, 66, 67, 88, 57, 9, 24, 11, 8, 76, 64, 81, 34, 25, 69, 47, 67, 80, 39, 56, 90, 38, 58, 57, 79, 14, 63, 91, 43, 15, 28, 19, 51, 23, 84, 48, 6, 32, 59, 82, 5, 87, 29, 3, 2, 45, 83, 68, 26, 52, 36, 27, 44, 77, 67, 73, 31, 37, 74, 30, 81, 70, 61, 27, 66, 89, 71, 83, 65, 41, 46, 80, 51, 20, 25, 37, 8, 90, 5, 15, 4, 44, 77, 28, 31, 72, 24, 23, 2, 87, 68, 11, 73, 38, 88, 86, 33, 58, 91, 25, 85, 1, 36, 84, 6, 63, 67, 64, 40, 50, 43, 52, 54, 76, 48, 49, 78, 56, 57, 94, 59, 60, 79, 47, 39, 23, 29, 14, 82, 76, 34, 9, 69, 19, 32, 26, 45, 65, 2, 58, 50, 60, 19, 38, 27, 82, 77, 73, 23, 36, 79, 48, 52, 67, 56, 84, 86, 88, 74, 46, 72, 14, 25, 30, 87, 6, 66, 15, 71, 76, 64, 44, 68, 4, 69, 80, 72, 91, 21, 37, 78, 90, 29, 94, 26, 85, 32, 34, 45, 83, 1, 9, 5, 28, 81, 52, 59, 27, 77, 20, 8, 57, 70, 54, 33, 63, 39, 47, 41, 7, 3, 40, 24, 43, 49, 51, 7, 11, 84, 27, 72, 67, 1, 37, 61, 57, 3, 68, 64, 63, 65, 82, 60, 47, 81, 88, 30, 23, 20, 40, 83, 51, 86, 74, 32, 14, 76, 1, 56, 91, 4, 75, 54, 80, 38, 89, 24, 69, 25, 29, 45, 90, 5, 19, 6, 77, 87, 52, 70, 26, 33, 48, 34, 73, 59, 66, 85, 2, 94, 36, 78, 8, 39, 79, 41, 49, 9, 50, 21, 28, 58, 70, 43, 71, 44, 90, 30, 77, 75, 19, 23, 26, 25, 34, 58, 2, 74, 84, 56, 52, 66, 87, 6, 31, 37, 77, 59, 14, 68, 36, 7, 39, 33, 50, 94, 24, 43, 80, 79, 70, 46, 67, 48, 73, 28, 76, 63, 4, 3, 9, 38, 8, 21, 77, 1, 64, 91, 49, 78, 81, 89, 51, 44, 88, 60, 5, 32, 65, 69, 41, 29, 20, 11, 86, 71, 57, 45, 83, 40, 72, 27, 82, 54, 85, 59, 90, 73, 78, 8, 71, 49, 23, 6, 21, 9, 27, 84, 86, 67, 89, 48, 43, 4, 70, 46, 74, 82, 41, 26, 24, 39, 79, 47, 29, 60, 69, 11, 38, 50, 32, 45, 5, 2, 20, 91, 81, 34, 57, 14, 1, 15, 28, 77, 76, 87, 58, 56, 85, 31, 94, 52, 66, 83, 19, 3, 54, 64, 36, 33, 72, 80, 88, 68, 37, 51, 7, 65, 30, 63, 25, 40, 61, 44, 36, 50, 30, 45, 65, 29, 79, 19, 43, 52, 34, 41, 20, 80, 64, 83, 46, 87, 49, 67, 56, 38, 1, 78, 6, 85, 48, 74, 44, 82, 33, 27, 26, 93, 69, 68, 91, 50, 86, 28, 4, 11, 45, 25, 81, 40, 61, 61, 39, 9, 71, 57, 54, 23, 1, 50, 7, 2, 73, 14, 72, 24, 60, 84, 89, 3, 88, 51, 76, 5, 66, 8, 58, 37, 59, 63, 70, 32, 77, 91, 41, 80, 9, 38, 59, 40, 4, 74, 8, 25, 87, 76, 66, 67, 83, 81, 19, 77, 32, 3, 5, 88, 94, 36, 58, 28, 50, 63, 21, 65, 23, 45, 73, 48, 86, 24, 46, 73, 20, 44, 72, 7, 57, 1, 51, 60, 89, 70, 82, 52, 30, 26, 84, 33, 71, 34, 6, 79, 56, 15, 11, 2, 39, 29, 43, 14, 85, 37, 27, 49, 24, 69, 64, 54, 11, 25, 68, 64, 27, 81, 43, 69, 91, 20, 61, 82, 36, 50, 67, 6, 41, 67, 38, 52, 66, 78, 56, 64, 1, 40, 7, 46, 44, 25, 32, 57, 58, 14, 23, 71, 83, 85, 87, 84, 2, 15, 70, 21, 9, 54, 80, 34, 76, 29, 48, 86, 72, 81, 33, 60, 30, 79, 51, 8, 45, 68, 77, 11, 49, 26, 47, 5, 73, 3, 94, 74, 37, 39, 72, 19, 65, 59, 24, 28, 63, 90, 88, 69, 79, 72, 8, 3, 26, 28, 52, 2, 38, 32, 47, 19, 83, 20, 74, 23, 78, 86, 5, 89, 34, 37, 67, 84, 91, 94, 38, 64, 29, 29, 44, 45, 27, 7, 80, 71, 58, 73, 48, 25, 40, 88, 56, 82, 59, 65, 30, 87, 41, 4, 63, 49, 81, 1, 11, 68, 54, 77, 70, 31, 60, 85, 75, 66, 36, 24, 50, 9, 14, 54, 76, 61, 39, 21, 51, 6, 43, 57, 83, 19, 28, 4, 67, 20, 89, 29, 51, 56, 8, 88, 48, 69, 15, 33, 91, 71, 85, 23, 40, 54, 11, 58, 43, 75, 74, 63, 78, 37, 59, 70, 49, 9, 65, 25, 94, 6, 47, 44, 27, 86, 2, 50, 34, 14, 87, 30, 57, 7, 76, 24, 5, 38, 46, 81, 77, 79, 41, 45, 84, 32, 34, 24, 36, 60, 82, 68, 73, 80, 72, 39, 26, 66, 25, 52, 6, 1, 64, 61, 50, 73, 32, 87, 43, 2, 84, 27, 20, 63, 49, 28, 23, 88, 72, 7, 86, 39, 77, 37, 45, 47, 81, 71, 5, 74, 94, 54, 38, 58, 33, 6, 21, 31, 24, 67, 78, 57, 34, 91, 65, 15, 85, 70, 56, 68, 3, 66, 82, 70, 76, 14, 36, 52, 52, 60, 1, 48, 30, 28, 80, 79, 8, 44, 41, 83, 25, 57, 29, 89, 9, 51, 69, 64, 19, 66, 26, 40, 50, 51, 21, 14, 38, 86, 79, 65, 60, 67, 70, 48, 47, 39, 28, 9, 64, 52, 1, 40, 2, 77, 59, 3, 85, 72, 66, 34, 25, 56, 6, 8, 20, 91, 61, 87, 94, 26, 44, 57, 69, 30, 74, 84, 43, 83, 15, 76, 54, 7, 78, 63, 73, 45, 11, 36, 58, 27, 66, 88, 37, 68, 81, 45, 19, 80, 4, 41, 5, 71, 64, 33, 29, 49, 82, 23, 89, 32, 24, 30, 71, 88, 67, 45, 25, 33, 37, 5, 70, 54, 51, 8, 43, 9, 7, 57, 23, 91, 60, 26, 39, 40, 34, 27, 24, 28, 84, 68, 80, 64, 4, 36, 48, 56, 81, 15, 19, 74, 86, 83, 76, 38, 52, 2, 59, 47, 58, 72, 41, 11, 58, 50, 94, 82, 46, 51, 79, 69, 66, 29, 14, 65, 3, 27, 90, 1, 20, 85, 77, 49, 44, 87, 73, 56, 6, 32, 63, 40, 60, 21, 85, 34, 39, 5, 41, 86, 90, 91, 37, 8, 43, 31, 76, 7, 32, 81, 34, 20, 66, 72, 69, 87, 48, 28, 29, 71, 68, 30, 2, 45, 54, 3, 79, 6, 9, 27, 26, 24, 80, 36, 51, 44, 73, 89, 58, 4, 56, 59, 67, 64, 84, 19, 94, 70, 65, 74, 33, 78, 77, 11, 1, 52, 88, 83, 25, 82, 38, 63, 14, 50, 23, 75, 82, 57, 47, 49, 23, 32, 41, 74, 19, 30, 20, 27, 87, 94, 80, 84, 36, 71, 67, 8, 44, 37, 38, 20, 40, 83, 3, 6, 57, 48, 82, 39, 25, 66, 54, 5, 68, 28, 46, 72, 56, 84, 29, 26, 36, 91, 85, 78, 52, 60, 70, 38, 69, 1, 89, 21, 65, 31, 73, 76, 24, 59, 14, 63, 43, 45, 33, 27, 58, 34, 49, 2, 86, 81, 77, 47, 15, 79, 50, 88, 64, 9, 51, 23, 47, 40, 20, 38, 24, 64, 33, 91, 50, 23, 61, 44, 56, 89, 34, 36, 1, 52, 51, 88, 15, 76, 68, 19, 9, 65, 32, 82, 71, 75, 5, 39, 85, 72, 29, 48, 58, 70, 2, 77, 83, 79, 27, 25, 59, 87, 4, 90, 67, 78, 60, 63, 14, 8, 73, 81, 46, 45, 6, 94, 43, 54, 66, 80, 37, 74, 41, 11, 7, 57, 84, 30, 26, 86, 50, 69, 28, 49, 57, 46, 80, 45, 89, 64, 27, 9, 32, 1, 47, 71, 23, 60, 59, 67, 34, 88, 6, 28, 69, 88, 36, 86, 5, 33, 25, 54, 70, 79, 61, 7, 30, 76, 20, 43, 38, 4, 75, 51, 41, 24, 56, 94, 68, 87, 58, 8, 37, 29, 66, 84, 36, 19, 3, 26, 83, 48, 81, 2, 78, 39, 74, 72, 82, 65, 14, 44, 54, 49, 40, 63, 50, 85, 52, 73, 11, 77, 91, 60, 34, 70, 14, 83, 56, 51, 72, 2, 28, 81, 8, 93, 85, 1, 65, 86, 91, 5, 67, 82, 39, 33, 66, 69, 75, 30, 89, 26, 87, 64, 77, 19, 38, 74, 29, 41, 44, 43, 25, 1, 40, 61, 58, 57, 36, 47, 49, 76, 11, 80, 79, 59, 4, 68, 24, 84, 52, 37, 63, 88, 20, 56, 71, 45, 73, 50, 9, 48, 54, 78, 72, 23, 27, 46, 6, 32, 19, 1, 36, 14, 30, 75, 6, 45, 26, 64, 24, 5, 83, 80, 87, 68, 88, 49, 9, 72, 2, 52, 66, 25, 77, 46, 3, 79, 71, 27, 69, 54, 73, 82, 39, 15, 90, 60, 34, 21, 76, 40, 29, 51, 84, 67, 4, 50, 81, 38, 94, 59, 44, 86, 57, 70, 61, 56, 32, 25, 48, 91, 37, 7, 47, 20, 85, 43, 65, 23, 28, 63, 11, 74, 58, 89, 39, 8, 41, 27, 81, 30, 2, 48, 21, 19, 86, 7, 47, 69, 65, 34, 74, 79, 29, 80, 60, 57, 37, 83, 32, 71, 76, 6, 41, 9, 90, 3, 94, 51, 66, 87, 40, 45, 23, 54, 70, 50, 38, 26, 46, 25, 77, 36, 28, 14, 11, 63, 4, 73, 38, 33, 67, 56, 89, 1, 1, 20, 85, 68, 84, 39, 72, 24, 88, 39, 44, 5, 91, 82, 52, 8, 31, 49, 43, 59, 58, 64, 87, 46, 51, 27, 37, 63, 23, 89, 72, 14, 7, 38, 28, 67, 66, 57, 40, 44, 8, 5, 79, 78, 85, 30, 48, 43, 52, 83, 91, 2, 71, 41, 26, 59, 20, 32, 58, 84, 39, 25, 80, 64, 73, 60, 31, 21, 54, 19, 6, 34, 24, 15, 36, 45, 81, 82, 39, 50, 86, 77, 49, 9, 56, 3, 65, 4, 29, 74, 94, 88, 75, 1, 20, 76, 70, 68, 69, 33, 64, 23, 54, 57, 8, 49, 1, 25, 48, 60, 29, 78, 9, 2, 30, 81, 65, 31, 59, 32, 41, 58, 64, 83, 37, 69, 63, 82, 77, 89, 44, 72, 20, 85, 84, 34, 14, 27, 88, 57, 25, 51, 34, 74, 26, 70, 76, 50, 74, 36, 87, 73, 52, 85, 39, 86, 56, 24, 43, 45, 82, 33, 19, 28, 94, 7, 6, 5, 80, 37, 40, 91, 3, 71, 67, 50, 66, 38, 79, 68, 1, 34, 84, 7, 31, 23, 33, 44, 76, 67, 86, 85, 50, 50, 72, 80, 58, 28, 63, 70, 71, 89, 11, 57, 64, 26, 61, 24, 73, 2, 65, 40, 25, 4, 82, 79, 52, 45, 83, 14, 51, 21, 32, 43, 8, 87, 60, 37, 38, 77, 68, 30, 15, 94, 38, 39, 88, 59, 81, 48, 33, 66, 36, 20, 69, 6, 27, 54, 41, 19, 56, 3, 9, 91, 5, 49, 29, 74, 47, 9, 86, 49, 31, 15, 2, 43, 24, 26, 72, 23, 5, 56, 94, 76, 68, 74, 50, 6, 28, 37, 77, 59, 1, 67, 81, 7, 79, 20, 84, 61, 14, 54, 48, 34, 77, 39, 60, 52, 58, 71, 66, 91, 30, 73, 87, 44, 45, 8, 19, 29, 47, 27, 25, 64, 80, 85, 70, 54, 82, 21, 63, 57, 83, 88, 46, 41, 37, 65, 69, 40, 66, 36, 51, 32, 76, 89, 38, 3, 72, 30, 91, 47, 6, 57, 81, 37, 36, 23, 74, 37, 3, 64, 59, 87, 56, 44, 49, 78, 63, 89, 19, 82, 93, 20, 71, 66, 40, 2, 33, 39, 48, 52, 65, 29, 83, 60, 1, 43, 9, 25, 51, 8, 34, 28, 85, 73, 32, 52, 67, 14, 54, 27, 80, 45, 68, 58, 25, 26, 24, 70, 19, 86, 52, 38, 88, 41, 21, 69, 76, 5, 4, 50, 84, 70, 79, 77, 67, 69, 87, 45, 57, 20, 59, 14, 75, 25, 39, 68, 41, 82, 5, 64, 81, 80, 85, 61, 46, 4, 78, 50, 63, 30, 65, 72, 37, 34, 52, 37, 37, 60, 15, 19, 1, 44, 83, 21, 23, 86, 32, 58, 77, 28, 71, 84, 49, 8, 38, 36, 27, 40, 67, 51, 56, 31, 48, 47, 66, 88, 94, 91, 9, 43, 74, 29, 3, 76, 79, 24, 70, 6, 54, 26, 7, 73, 90, 2, 64, 47, 94, 90, 72, 8, 67, 52, 28, 87, 44, 63, 14, 57, 32, 58, 46, 38, 77, 60, 78, 79, 88, 89, 41, 39, 57, 1, 56, 75, 29, 82, 84, 85, 34, 43, 45, 59, 71, 23, 73, 48, 86, 78, 81, 20, 69, 74, 7, 6, 70, 24, 80, 30, 2, 27, 36, 9, 29, 37, 19, 39, 76, 83, 49, 37, 33, 68, 66, 5, 40, 65, 26, 54, 91, 4, 50, 25, 51, 48, 85, 9, 21, 73, 37, 89, 57, 49, 83, 1, 94, 79, 45, 72, 41, 75, 25, 87, 61, 6, 56, 58, 68, 65, 27, 44, 91, 74, 81, 52, 70, 88, 4, 26, 24, 80, 71, 63, 2, 14, 43, 60, 82, 57, 7, 30, 34, 39, 78, 19, 66, 40, 5, 15, 38, 28, 46, 29, 64, 33, 6, 36, 54, 59, 86, 20, 47, 84, 31, 50, 8, 51, 23, 77, 67, 76, 32, 69, 71, 59, 86, 19, 23, 74, 37, 11, 77, 5, 79, 28, 64, 26, 48, 28, 81, 83, 76, 36, 72, 39, 8, 29, 69, 47, 39, 30, 15, 6, 70, 45, 84, 93, 41, 87, 7, 20, 82, 4, 24, 39, 33, 14, 67, 1, 91, 88, 85, 51, 52, 54, 57, 40, 58, 49, 68, 44, 63, 32, 61, 50, 27, 66, 60, 56, 78, 80, 89, 73, 43, 2, 38, 65, 9, 67, 21, 34, 25, 52, 87, 69, 46, 51, 44, 59, 94, 49, 67, 82, 31, 71, 66, 19, 21, 90, 77, 79, 67, 26, 3, 74, 4, 20, 64, 47, 57, 40, 27, 28, 5, 81, 80, 83, 76, 73, 38, 25, 33, 2, 88, 91, 86, 85, 41, 56, 82, 37, 84, 43, 68, 32, 48, 14, 30, 50, 24, 23, 52, 25, 72, 9, 58, 65, 36, 63, 60, 75, 28, 39, 45, 8, 70, 6, 29, 54, 1, 34)
"N" <- 9695

}

######################################################################################################
######################################################################################################
